 0 0 0 0.31618366 0.94869804 7.3881074e-07
 0 0 1 0.30753347 0.94197416 -0.13456495
 0 1 0 0.44146234 0.8972798 -5.2913146e-07
 0 1 1 0.43088084 0.89013135 -0.1483508
 0 2 0 0.5707992 0.8210897 -5.5912466e-07
 0 2 1 0.55795175 0.81375873 -0.16274717
 0 3 0 0.6985132 0.71559715 -4.031901e-08
 0 3 1 0.68313634 0.70848703 -0.17711833
 0 4 0 0.8161932 0.577779 2.2893398e-07
 0 4 1 0.798209 0.5714693 -0.19048661
 0 5 0 0.9130065 0.40794492 1.6751665e-07
 0 5 1 0.89266145 0.40314394 -0.20157029
 0 6 0 0.9773582 0.2115914 -3.3177346e-07
 0 6 1 0.9553308 0.20897725 -0.2089776
 0 7 0 1 -8.684683e-08 -1.4873583e-06
 0 7 1 0.9773584 1.2274259e-07 -0.21159072
 0 8 0 0.9773582 -0.21159129 -6.7801045e-07
 0 8 1 0.95533067 -0.2089773 -0.20897809
 0 9 0 0.9130066 -0.40794483 -2.691889e-07
 0 9 1 0.8926612 -0.4031444 -0.20157038
 0 10 0 0.81619304 -0.5777793 -1.7869303e-07
 0 10 1 0.7982086 -0.57147 -0.19048621
 0 11 0 0.6985123 -0.715598 -4.8883106e-07
 0 11 1 0.6831368 -0.7084867 -0.17711766
 0 12 0 0.5707992 -0.82108974 -1.6755124e-07
 0 12 1 0.55795187 -0.8137585 -0.16274774
 0 13 0 0.44146252 -0.8972796 3.74915e-07
 0 13 1 0.4308823 -0.8901305 -0.14835148
 0 14 0 0.3161822 -0.94869846 9.47377e-07
 0 14 1 0.3075338 -0.94197434 -0.13456307
 0 15 0 0.19831896 -0.9801375 1.258525e-06
 0 15 1 0.19126993 -0.97395855 -0.12173973
 0 16 0 0.089549124 -0.9959824 1.8945153e-07
 0 16 1 0.08380203 -0.99038786 -0.11004109
 0 17 0 -0.009552061 -0.99995434 -7.5463066e-07
 0 17 1 -0.014248507 -0.9949361 -0.099494696
 0 18 0 -0.09910978 -0.99507654 -5.318372e-07
 0 18 1 -0.1029425 -0.99060214 -0.09005653
 0 19 0 -0.17960194 -0.9837394 -7.5230986e-07
 0 19 1 -0.182761 -0.9797614 -0.081644945
 0 20 0 -0.25172526 -0.96779865 -2.009346e-06
 0 20 1 -0.25433314 -0.9642684 -0.07416981
 0 21 0 -0.31624016 -0.94867915 5.051824e-07
 0 21 1 -0.31840384 -0.9455464 -0.0675358
 0 22 0 -0.3739365 -0.9274543 1.1010353e-06
 0 22 1 -0.37574565 -0.9246704 -0.061643142
 0 23 0 -0.42554286 -0.9049383 2.5036084e-06
 0 23 1 -0.42707276 -0.9024565 -0.056400754
 0 24 0 -0.47175306 -0.8817307 2.4454744e-06
 0 24 1 -0.47302428 -0.87952954 -0.051728528
 0 25 0 -0.51317966 -0.85828125 3.711366e-06
 0 25 1 -0.5142627 -0.85631233 -0.04757209
 0 26 0 -0.5503324 -0.83494556 7.4751656e-06
 0 26 1 -0.55126405 -0.83317685 -0.043865353
 0 27 0 -0.58376026 -0.8119261 2.46277e-06
 0 27 1 -0.5845716 -0.8103297 -0.0405196
 0 28 0 -0.6139338 -0.78935754 -7.073016e-06
 0 28 1 -0.61459047 -0.78795385 -0.037513785
 0 29 0 -0.6411337 -0.76742923 1.2150546e-05
 0 29 1 -0.6417479 -0.7661252 -0.034812197
 0 30 0 -0.66581666 -0.7461154 -2.3636672e-05
 0 30 1 -0.6663224 -0.74496007 -0.032387003
 0 31 0 -0.68821156 -0.72551006 -3.9555514e-05
 0 31 1 -0.6885884 -0.72452253 -0.030216869
 1 0 0 0.17950855 0.98375636 -5.3160726e-08
 1 0 1 0.17025964 0.97549605 -0.13935216
 1 1 0 0.31616294 0.94870496 -1.4889883e-08
 1 1 1 0.3044219 0.93957806 -0.15658997
 1 2 0 0.46284452 0.88643944 1.4682568e-07
 1 2 1 0.44800434 0.87667143 -0.17532623
 1 3 0 0.6138996 0.7893841 1.0320535e-07
 1 3 1 0.59536374 0.7794692 -0.1948586
 1 4 0 0.75924015 0.6508106 1.641878e-07
 1 4 1 0.7366184 0.641605 -0.21386042
 1 5 0 0.8837894 0.4678849 1.6163315e-07
 1 5 1 0.8572165 0.4605927 -0.23029171
 1 6 0 0.96933746 0.24573362 2.0407957e-07
 1 6 1 0.9397931 0.2416496 -0.24164945
 1 7 0 1 6.801863e-08 2.689504e-07
 1 7 1 0.96933746 7.14422e-10 -0.24573359
 1 8 0 0.96933734 -0.24573372 1.7135417e-07
 1 8 1 0.9397931 -0.24164958 -0.2416494
 1 9 0 0.88378936 -0.46788502 9.932037e-08
 1 9 1 0.8572164 -0.46059293 -0.23029175
 1 10 0 0.75924027 -0.6508104 7.765931e-08
 1 10 1 0.7366186 -0.64160496 -0.21386018
 1 11 0 0.61389965 -0.78938407 6.51079e-08
 1 11 1 0.59536415 -0.7794689 -0.19485828
 1 12 0 0.46284512 -0.8864391 2.8929101e-09
 1 12 1 0.44800517 -0.8766711 -0.17532593
 1 13 0 0.31616426 -0.9487045 -7.75855e-08
 1 13 1 0.3044236 -0.9395776 -0.15658943
 1 14 0 0.1795112 -0.9837559 -2.6862642e-07
 1 14 1 0.17026283 -0.9754956 -0.13935158
 1 15 0 0.055415075 -0.99846345 -6.5506936e-07
 1 15 1 0.04812517 -0.9911285 -0.123888455
 1 16 0 -0.05551696 -0.99845773 -3.019759e-07
 1 16 1 -0.061281264 -0.9920159 -0.11022249
 1 17 0 -0.15374514 -0.9881105 5.103969e-07
 1 17 1 -0.1583265 -0.9824868 -0.098246895
 1 18 0 -0.2402524 -0.97071046 3.950918e-07
 1 18 1 -0.24392025 -0.96581274 -0.08779893
 1 19 0 -0.31623805 -0.94867986 3.239711e-07
 1 19 1 -0.3191972 -0.944415 -0.07869919
 1 20 0 -0.38293916 -0.9237735 4.9568243e-08
 1 20 1 -0.3853319 -0.9200601 -0.07077216
 1 21 0 -0.4415156 -0.8972536 5.9652433e-07
 1 21 1 -0.443477 -0.89400816 -0.063856326
 1 22 0 -0.49303085 -0.8700118 9.85864e-07
 1 22 1 -0.49463567 -0.8671755 -0.057811618
 1 23 0 -0.5384034 -0.8426872 3.424321e-06
 1 23 1 -0.53974104 -0.8401916 -0.05251364
 1 24 0 -0.57847065 -0.8157033 -2.9769055e-07
 1 24 1 -0.5795989 -0.8134955 -0.04785442
 1 25 0 -0.6139311 -0.7893596 -3.2980072e-06
 1 25 1 -0.614877 -0.7874087 -0.043746065
 1 26 0 -0.64542603 -0.76382273 -6.3167518e-06
 1 26 1 -0.6462206 -0.7620959 -0.040108625
 1 27 0 -0.67346865 -0.7392158 -5.732693e-06
 1 27 1 -0.6741313 -0.73769 -0.036885332
 1 28 0 -0.69853526 -0.7155756 -2.1023388e-06
 1 28 1 -0.69907695 -0.7142367 -0.03402105
 1 29 0 -0.7209904 -0.69294506 -1.4300477e-08
 1 29 1 -0.72143215 -0.69177026 -0.03145721
 1 30 0 -0.7411137 -0.6713795 -1.115027e-06
 1 30 1 -0.7415108 -0.6703068 -0.029162161
 1 31 0 -0.7592716 -0.65077376 -8.809902e-06
 1 31 1 -0.7596098 -0.6498145 -0.02709541
 2 0 0 0.009440997 0.9999555 4.8861847e-07
 2 0 1 -7.934568e-05 0.9899504 -0.14141458
 2 1 0 0.15361045 0.9881314 2.8963169e-07
 2 1 1 0.14096257 0.97654635 -0.16274749
 2 2 0 0.31612977 0.9487159 2.3622685e-07
 2 2 1 0.29929933 0.935633 -0.18711172
 2 3 0 0.49293557 0.8700658 7.541749e-08
 2 3 1 0.47068316 0.8559636 -0.21397157
 2 4 0 0.6734594 0.7392242 -3.677296e-08
 2 4 1 0.6446296 0.72526985 -0.24173607
 2 5 0 0.83762527 0.5462452 7.014807e-08
 2 5 1 0.8018002 0.53450835 -0.26724026
 2 6 0 0.95621586 0.29266244 4.01143e-07
 2 6 1 0.91468424 0.28579092 -0.28579065
 2 7 0 1 2.5362331e-08 8.2085063e-07
 2 7 1 0.956216 -5.313331e-08 -0.2926621
 2 8 0 0.9562158 -0.29266232 3.8927536e-07
 2 8 1 0.91468424 -0.28579095 -0.28579056
 2 9 0 0.83762527 -0.5462453 2.509904e-07
 2 9 1 0.8018002 -0.5345083 -0.2672403
 2 10 0 0.6734593 -0.7392244 6.1446926e-08
 2 10 1 0.6446297 -0.72526973 -0.24173608
 2 11 0 0.49293524 -0.870066 -6.317377e-08
 2 11 1 0.4706832 -0.8559635 -0.21397144
 2 12 0 0.31612995 -0.9487159 -2.5092044e-07
 2 12 1 0.2992988 -0.9356332 -0.1871118
 2 13 0 0.15361154 -0.9881313 -1.4479535e-07
 2 13 1 0.14096336 -0.9765462 -0.16274758
 2 14 0 0.009438518 -0.9999555 -9.493488e-08
 2 14 1 -7.934307e-05 -0.9899504 -0.14141476
 2 15 0 -0.11595124 -0.9932549 -5.9209975e-07
 2 15 1 -0.123157315 -0.9847244 -0.123085804
 2 16 0 -0.22385958 -0.9746214 -8.083824e-07
 2 16 1 -0.2293634 -0.9673881 -0.10748382
 2 17 0 -0.31626862 -0.9486697 -8.657903e-07
 2 17 1 -0.320511 -0.942544 -0.094252266
 2 18 0 -0.3952923 -0.9185554 2.2111695e-07
 2 18 1 -0.39859715 -0.9133597 -0.083032556
 2 19 0 -0.4629275 -0.8863961 4.1977944e-07
 2 19 1 -0.46552044 -0.88197994 -0.07349886
 2 20 0 -0.5209461 -0.8535896 -1.2508973e-06
 2 20 1 -0.52300614 -0.84981835 -0.06537049
 2 21 0 -0.5708492 -0.821055 -2.8939771e-06
 2 21 1 -0.57249385 -0.8178255 -0.0584138
 2 22 0 -0.6139547 -0.7893412 -1.2880706e-06
 2 22 1 -0.615271 -0.7865698 -0.052437134
 2 23 0 -0.651323 -0.7588006 2.3306377e-06
 2 23 1 -0.65240407 -0.7563956 -0.047272064
 2 24 0 -0.6838545 -0.7296184 -6.677604e-07
 2 24 1 -0.68473375 -0.7275357 -0.04279451
 2 25 0 -0.7122909 -0.7018844 -3.998237e-06
 2 25 1 -0.7130283 -0.70005584 -0.038890243
 2 26 0 -0.7372457 -0.6756248 -4.8059997e-06
 2 26 1 -0.7378697 -0.6740108 -0.035464928
 2 27 0 -0.7592668 -0.6507794 6.74997e-06
 2 27 1 -0.75977 -0.64938146 -0.03245337
 2 28 0 -0.7787449 -0.62734073 2.4856108e-05
 2 28 1 -0.7791613 -0.62611395 -0.029814856
 2 29 0 -0.79602814 -0.60525954 1.5538555e-05
 2 29 1 -0.79638684 -0.6041635 -0.027466744
 2 30 0 -0.8114463 -0.58442694 5.909436e-06
 2 30 1 -0.81174785 -0.5834569 -0.02536844
 2 31 0 -0.8252097 -0.5648264 4.323531e-06
 2 31 1 -0.8254939 -0.56392187 -0.02349211
 3 0 0 -0.19846438 0.9801081 2.8650607e-07
 3 0 1 -0.20761296 0.968381 -0.13832983
 3 1 0 -0.055606157 0.9984527 1.7136288e-07
 3 1 1 -0.06846783 0.984082 -0.16399671
 3 2 0 0.11571265 0.99328274 7.797173e-08
 3 2 1 0.09743488 0.9759203 -0.19515614
 3 3 0 0.31605932 0.9487394 5.2194295e-08
 3 3 1 0.28997827 0.9284689 -0.23207372
 3 4 0 0.5382979 0.8427546 -2.253787e-08
 3 4 1 0.50148 0.8207888 -0.27353904
 3 5 0 0.7593032 0.650737 -2.8271813e-08
 3 5 1 0.7093548 0.6304578 -0.31518045
 3 6 0 0.9326383 0.36081275 -6.591663e-09
 3 6 1 0.8704936 0.3480236 -0.34802365
 3 7 0 1 -1.1184127e-08 6.8542116e-10
 3 7 1 0.9326381 -3.1072492e-08 -0.36081332
 3 8 0 0.9326383 -0.36081263 -3.030462e-08
 3 8 1 0.8704936 -0.34802356 -0.3480236
 3 9 0 0.75930315 -0.65073705 -1.7766254e-08
 3 9 1 0.7093547 -0.6304579 -0.31518045
 3 10 0 0.538298 -0.84275454 -2.8441296e-08
 3 10 1 0.50147974 -0.8207888 -0.27353913
 3 11 0 0.31605953 -0.94873935 -6.0782765e-09
 3 11 1 0.28997776 -0.92846894 -0.23207383
 3 12 0 0.11571225 -0.9932828 -1.1555973e-07
 3 12 1 0.09743494 -0.9759203 -0.19515625
 3 13 0 -0.055608094 -0.99845266 -2.1713029e-07
 3 13 1 -0.0684684 -0.98408186 -0.16399696
 3 14 0 -0.19846211 -0.9801086 -3.9377693e-07
 3 14 1 -0.20761307 -0.96838087 -0.13833019
 3 15 0 -0.31629792 -0.94865996 -9.3862774e-08
 3 15 1 -0.32290402 -0.93912405 -0.11738414
 3 16 0 -0.41322297 -0.91062987 -3.299012e-07
 3 16 1 -0.41805878 -0.90286434 -0.1003141
 3 17 0 -0.49305603 -0.86999756 -2.935514e-07
 3 17 1 -0.49664855 -0.8636445 -0.08636174
 3 18 0 -0.5590756 -0.8291167 8.876255e-07
 3 18 1 -0.56178176 -0.8238881 -0.07489718
 3 19 0 -0.61397064 -0.7893289 8.4609576e-07
 3 19 1 -0.61604315 -0.78499174 -0.06541328
 3 20 0 -0.6598812 -0.7513699 1.0523426e-06
 3 20 1 -0.6615015 -0.747735 -0.057516202
 3 21 0 -0.69854844 -0.71556276 1.3298488e-06
 3 21 1 -0.69981354 -0.7125103 -0.050892677
 3 22 0 -0.73131424 -0.6820407 6.7504203e-07
 3 22 1 -0.73232585 -0.67944604 -0.045297645
 3 23 0 -0.75925875 -0.6507889 1.5835718e-06
 3 23 1 -0.760071 -0.6485745 -0.040536292
 3 24 0 -0.78325325 -0.6217028 -1.7879576e-06
 3 24 1 -0.783906 -0.61980814 -0.03646124
 3 25 0 -0.8039614 -0.59468144 1.3547068e-06
 3 25 1 -0.8044923 -0.5930486 -0.032948345
 3 26 0 -0.8219217 -0.5696005 4.7307303e-06
 3 26 1 -0.82236445 -0.5681747 -0.029903125
 3 27 0 -0.83760244 -0.5462804 7.935477e-06
 3 27 1 -0.83798236 -0.54501647 -0.027251767
 3 28 0 -0.85137206 -0.52456224 2.0619623e-06
 3 28 1 -0.85167086 -0.5234838 -0.024930235
 3 29 0 -0.86351705 -0.5043198 -5.1421553e-06
 3 29 1 -0.8637549 -0.5033927 -0.022875406
 3 30 0 -0.87424767 -0.4854801 1.0356257e-05
 3 30 1 -0.8744487 -0.48465958 -0.021082565
 3 31 0 -0.8838073 -0.467851 1.2348721e-05
 3 31 1 -0.8839662 -0.46714547 -0.019465446
 4 0 0 -0.44161737 0.8972035 -4.2294016e-07
 4 0 1 -0.44933882 0.8843846 -0.12632708
 4 1 0 -0.31640017 0.9486258 -1.8606336e-07
 4 1 1 -0.32803738 0.9318155 -0.15527795
 4 2 0 -0.15397282 0.98807514 4.4362665e-09
 4 2 1 -0.17197263 0.9659808 -0.19314873
 4 3 0 0.055100624 0.9984808 2.5583939e-08
 4 3 1 0.026624065 0.96982026 -0.2423631
 4 4 0 0.3158712 0.94880205 -3.8978214e-08
 4 4 1 0.2703295 0.9134104 -0.30430794
 4 5 0 0.6139685 0.78933054 -5.6983247e-08
 4 5 1 0.54269654 0.75133425 -0.3754694
 4 6 0 0.8841374 0.46722698 -8.3763574e-08
 4 6 1 0.783047 0.43979385 -0.43979397
 4 7 0 1 3.850135e-09 -1.805177e-07
 4 7 1 0.8841375 -1.14919745e-08 -0.46722683
 4 8 0 0.8841374 -0.467227 -1.02654326e-07
 4 8 1 0.783047 -0.43979385 -0.439794
 4 9 0 0.61396843 -0.7893306 -6.5759174e-08
 4 9 1 0.5426965 -0.7513343 -0.37546933
 4 10 0 0.31587112 -0.9488021 -6.050163e-08
 4 10 1 0.27032936 -0.9134105 -0.30430794
 4 11 0 0.055100817 -0.9984808 -1.265363e-07
 4 11 1 0.026623363 -0.96982026 -0.2423631
 4 12 0 -0.1539724 -0.98807514 7.502649e-09
 4 12 1 -0.17197299 -0.9659808 -0.19314878
 4 13 0 -0.31639934 -0.9486261 -1.06615005e-07
 4 13 1 -0.32803735 -0.93181556 -0.15527818
 4 14 0 -0.4416172 -0.8972036 -7.521605e-07
 4 14 1 -0.44933957 -0.8843841 -0.12632746
 4 15 0 -0.53846145 -0.8426502 2.3677603e-07
 4 15 1 -0.5437213 -0.83278596 -0.10409032
 4 16 0 -0.613988 -0.78931546 3.6508075e-07
 4 16 1 -0.61766285 -0.7816333 -0.086844295
 4 17 0 -0.67351997 -0.73916906 -4.882873e-08
 4 17 1 -0.6761464 -0.73311114 -0.07330879
 4 18 0 -0.7209877 -0.6929479 -7.921566e-07
 4 18 1 -0.72290564 -0.6881093 -0.06255426
 4 19 0 -0.75927347 -0.6507717 -3.0461322e-07
 4 19 1 -0.760701 -0.64686036 -0.05390419
 4 20 0 -0.7904896 -0.6124755 2.7978201e-06
 4 20 1 -0.791571 -0.6092771 -0.046868466
 4 21 0 -0.8162138 -0.57775 5.2922187e-06
 4 21 1 -0.8170429 -0.57511175 -0.04107799
 4 22 0 -0.8376154 -0.5462605 3.2779246e-06
 4 22 1 -0.83826524 -0.5440553 -0.03626663
 4 23 0 -0.8555908 -0.51765275 2.893866e-06
 4 23 1 -0.85610265 -0.5157998 -0.032231744
 4 24 0 -0.8708048 -0.49162903 4.539094e-06
 4 24 1 -0.87121266 -0.4900589 -0.028824748
 4 25 0 -0.88379264 -0.4678788 1.2629228e-05
 4 25 1 -0.8841209 -0.46653867 -0.025921365
 4 26 0 -0.8949572 -0.44615197 5.5972364e-06
 4 26 1 -0.89522344 -0.44500098 -0.023433425
 4 27 0 -0.9046164 -0.4262267 -8.502701e-06
 4 27 1 -0.9048327 -0.42523515 -0.021281388
 4 28 0 -0.91300595 -0.40794614 -1.6750379e-05
 4 28 1 -0.9131892 -0.40707394 -0.019401072
 4 29 0 -0.9203626 -0.3910661 -2.3410765e-05
 4 29 1 -0.92051965 -0.3902931 -0.01774445
 4 30 0 -0.9268394 -0.37545794 8.159375e-06
 4 30 1 -0.92697805 -0.37475923 -0.016346622
 4 31 0 -0.93256575 -0.36100015 1.3259127e-05
 4 31 1 -0.93267965 -0.36039314 -0.015017867
 5 0 0 -0.6986203 0.7154926 -2.2012932e-07
 5 0 1 -0.70360553 0.703451 -0.10047895
 5 1 0 -0.6140983 0.7892295 3.3709867e-07
 5 1 1 -0.62225384 0.7721691 -0.12866619
 5 2 0 -0.4933243 0.86984545 2.115451e-07
 5 2 1 -0.5073614 0.84501165 -0.16893734
 5 3 0 -0.31686422 0.9484709 1.4977883e-07
 5 3 1 -0.3423926 0.9115418 -0.22772533
 5 4 0 -0.056675706 0.99839264 1.3622788e-08
 5 4 1 -0.10567205 0.9434936 -0.31409138
 5 5 0 0.31504866 0.9490755 -4.5011152e-08
 5 5 1 0.21772021 0.87331086 -0.43580514
 5 6 0 0.76113737 0.64859074 -1.39446446e-08
 5 6 1 0.5793141 0.5763659 -0.5763659
 5 7 0 1 -7.845639e-09 -2.6890298e-08
 5 7 1 0.7611373 2.8722151e-09 -0.6485908
 5 8 0 0.7611373 -0.64859074 -4.935356e-08
 5 8 1 0.57931405 -0.5763659 -0.5763659
 5 9 0 0.31504872 -0.9490755 -4.356156e-08
 5 9 1 0.21772031 -0.87331086 -0.43580505
 5 10 0 -0.056675736 -0.99839264 -1.7409968e-07
 5 10 1 -0.105672196 -0.9434935 -0.3140914
 5 11 0 -0.31686515 -0.9484706 -5.415261e-07
 5 11 1 -0.34239316 -0.9115417 -0.22772504
 5 12 0 -0.4933249 -0.8698451 -2.6594833e-07
 5 12 1 -0.5073623 -0.845011 -0.16893739
 5 13 0 -0.61409926 -0.78922874 -5.3399737e-07
 5 13 1 -0.6222542 -0.7721687 -0.12866692
 5 14 0 -0.698622 -0.715491 -1.8430648e-06
 5 14 1 -0.7036057 -0.7034507 -0.10047919
 5 15 0 -0.7593058 -0.65073407 -1.7116907e-06
 5 15 1 -0.7624911 -0.6420034 -0.08024346
 5 16 0 -0.8039777 -0.5946595 -1.2681497e-06
 5 16 1 -0.80609375 -0.5881687 -0.06534815
 5 17 0 -0.8376273 -0.5462421 -2.5155803e-06
 5 17 1 -0.83908194 -0.5413054 -0.054129936
 5 18 0 -0.86351204 -0.5043282 -2.429679e-06
 5 18 1 -0.8645403 -0.5004994 -0.04550105
 5 19 0 -0.88379633 -0.4678719 -6.3296903e-07
 5 19 1 -0.8845405 -0.46485236 -0.038735192
 5 20 0 -0.8999545 -0.4359838 4.214944e-07
 5 20 1 -0.90050596 -0.43356273 -0.03335154
 5 21 0 -0.91301405 -0.40792814 3.5010191e-06
 5 21 1 -0.91343474 -0.40595102 -0.028994506
 5 22 0 -0.9237089 -0.38309515 9.913222e-06
 5 22 1 -0.9240327 -0.38146737 -0.025422554
 5 23 0 -0.9325757 -0.36097434 5.915554e-06
 5 23 1 -0.93281806 -0.35964513 -0.02248923
 5 24 0 -0.9399866 -0.3412113 4.6781024e-06
 5 24 1 -0.9401832 -0.3400807 -0.020018624
 5 25 0 -0.94626254 -0.32339942 5.0345716e-06
 5 25 1 -0.9464197 -0.32244205 -0.01791226
 5 26 0 -0.9516014 -0.30733493 2.2554248e-06
 5 26 1 -0.951737 -0.30649042 -0.016136685
 5 27 0 -0.9561995 -0.2927157 -7.38808e-06
 5 27 1 -0.95630753 -0.2919972 -0.014609606
 5 28 0 -0.9601755 -0.27939743 5.9032745e-06
 5 28 1 -0.9602691 -0.27875948 -0.013284902
 5 29 0 -0.96362627 -0.26725346 -1.1168213e-05
 5 29 1 -0.9637018 -0.2667063 -0.012109081
 5 30 0 -0.9666936 -0.25593653 1.11124355e-05
 5 30 1 -0.9667444 -0.2554979 -0.011226068
 5 31 0 -0.96932435 -0.24578506 3.3354558e-05
 5 31 1 -0.9693739 -0.24537301 -0.010310647
 6 0 0 -0.9130403 0.40786946 2.0367777e-06
 6 0 1 -0.91468716 0.400102 -0.05714682
 6 1 0 -0.88385475 0.46776155 -2.1696623e-07
 6 1 1 -0.88677496 0.45591605 -0.075965084
 6 2 0 -0.837775 0.5460157 2.7417872e-07
 6 2 1 -0.84341156 0.52684504 -0.10531496
 6 3 0 -0.7597377 0.65022975 7.9138675e-07
 6 3 1 -0.77188075 0.6168242 -0.15403914
 6 4 0 -0.6156923 0.78798664 1.303931e-07
 6 4 1 -0.64575213 0.7245463 -0.24090837
 6 5 0 -0.32396817 0.946068 -1.5826341e-08
 6 5 1 -0.41141242 0.8161807 -0.40569547
 6 6 0 0.30256146 0.9531299 1.40633265e-08
 6 6 1 -0.0015153296 0.70710605 -0.70710593
 6 7 0 1 -1.3135464e-10 5.4615032e-09
 6 7 1 0.3025615 -1.0956159e-08 -0.9531299
 6 8 0 0.30256146 -0.9531299 -1.8248095e-08
 6 8 1 -0.0015153823 -0.707106 -0.707106
 6 9 0 -0.32396808 -0.946068 1.0624553e-08
 6 9 1 -0.41141233 -0.81618077 -0.40569547
 6 10 0 -0.61569214 -0.78798676 -1.522594e-07
 6 10 1 -0.6457514 -0.7245469 -0.24090827
 6 11 0 -0.759739 -0.6502282 -9.0615566e-07
 6 11 1 -0.77188295 -0.6168219 -0.15403746
 6 12 0 -0.83777577 -0.5460145 5.294749e-08
 6 12 1 -0.8434131 -0.52684283 -0.10531367
 6 13 0 -0.8838555 -0.46776003 2.9156894e-07
 6 13 1 -0.886776 -0.4559142 -0.07596483
 6 14 0 -0.9130403 -0.4078694 -4.5210672e-06
 6 14 1 -0.9146869 -0.40010256 -0.057147536
 6 15 0 -0.9325871 -0.3609449 -1.086412e-05
 6 15 1 -0.9335814 -0.35559797 -0.044449408
 6 16 0 -0.94627357 -0.32336718 -5.2783403e-06
 6 16 1 -0.94690746 -0.31954014 -0.03550212
 6 17 0 -0.9562032 -0.29270363 2.4733097e-06
 6 17 1 -0.95662624 -0.28987205 -0.028990833
 6 18 0 -0.9636395 -0.26720592 1.3819721e-06
 6 18 1 -0.9639309 -0.26505902 -0.024101062
 6 19 0 -0.9693379 -0.24573149 5.0251415e-06
 6 19 1 -0.9695472 -0.24405828 -0.020341458
 6 20 0 -0.9738035 -0.22739087 2.3813338e-06
 6 20 1 -0.9739515 -0.22608738 -0.01740423
 6 21 0 -0.9773648 -0.21156102 1.0784525e-05
 6 21 1 -0.9774746 -0.21051617 -0.015048823
 6 22 0 -0.98024666 -0.19777875 2.8654777e-05
 6 22 1 -0.98032695 -0.19694199 -0.013144136
 6 23 0 -0.9826088 -0.1856877 1.5023803e-05
 6 23 1 -0.98267424 -0.18498266 -0.011525347
 6 24 0 -0.9845796 -0.1749369 3.5989513e-05
 6 24 1 -0.98462516 -0.17437878 -0.01026795
 6 25 0 -0.98622584 -0.16540419 -1.0354151e-05
 6 25 1 -0.98626566 -0.1649137 -0.009139736
 6 26 0 -0.9876314 -0.15679358 -2.3106911e-06
 6 26 1 -0.9876625 -0.15638155 -0.008224985
 6 27 0 -0.9888289 -0.14905478 -2.5514808e-05
 6 27 1 -0.9888537 -0.1487034 -0.007467805
 6 28 0 -0.98985857 -0.14205617 -1.17402915e-05
 6 28 1 -0.9898876 -0.1416933 -0.006749023
 6 29 0 -0.99075073 -0.13569422 1.9017347e-05
 6 29 1 -0.99076957 -0.13542005 -0.0060928524
 6 30 0 -0.9916404 -0.12903191 9.972957e-05
 6 30 1 -0.9916057 -0.12916239 -0.005932277
 6 31 0 -0.99220484 -0.12461685 0.00030708069
 6 31 1 -0.9922209 -0.124357946 -0.005732432
 7 0 0 -1 -9.471843e-08 2.4229965e-07
 7 0 1 -1 -5.5467734e-08 1.3758289e-07
 7 1 0 -1 -2.3198314e-07 5.396989e-08
 7 1 1 -1 -1.00496074e-07 3.390097e-08
 7 2 0 -1 -3.3388655e-08 -6.242598e-08
 7 2 1 -1 -5.2324985e-08 2.8646541e-08
 7 3 0 -1 4.4913686e-09 -2.0662643e-08
 7 3 1 -1 -8.1454665e-09 4.650647e-08
 7 4 0 -1 1.0175127e-08 -8.531606e-09
 7 4 1 -1 -1.6669794e-08 1.4780394e-08
 7 5 0 -1 6.5894077e-09 -5.3909766e-10
 7 5 1 -1 -3.0949254e-09 5.9311356e-09
 7 6 0 -1 5.507749e-10 -1.3288777e-10
 7 6 1 -1 -6.181383e-11 2.1586095e-10
 7 7 0 -1 -1.02814555e-10 -2.1150945e-10
 7 7 1 -1 -9.455103e-10 -6.3188266e-10
 7 8 0 -1 -7.616679e-10 -2.7459804e-10
 7 8 1 -1 -1.3712301e-09 -1.3665848e-09
 7 9 0 -1 3.7325427e-09 -2.001191e-09
 7 9 1 -1 1.26518644e-08 -6.4795397e-10
 7 10 0 -1 1.4511617e-08 -1.8905553e-09
 7 10 1 -1 3.8520323e-08 5.723929e-10
 7 11 0 -1 6.9430097e-09 1.3323156e-08
 7 11 1 -1 4.1264755e-08 -2.3457487e-08
 7 12 0 -1 -4.1946575e-09 -3.4063504e-08
 7 12 1 -1 5.5159724e-08 2.7176602e-08
 7 13 0 -1 -1.21426e-07 -7.978944e-09
 7 13 1 -1 -7.693284e-08 2.4235883e-08
 7 14 0 -1 -5.9594125e-08 4.826425e-08
 7 14 1 -1 2.1583833e-08 -5.1525387e-08
 7 15 0 -1 2.0166718e-07 6.368585e-08
 7 15 1 -1 3.1753848e-07 -7.367503e-08
 7 16 0 -1 -7.915664e-09 1.0705742e-08
 7 16 1 -1 1.9427819e-07 -4.4983626e-08
 7 17 0 -1 -6.309311e-07 -5.185181e-07
 7 17 1 -1 -8.0746034e-08 -5.521325e-07
 7 18 0 -1 -8.3861926e-07 -5.013758e-07
 7 18 1 -1 -5.51952e-07 -3.750657e-07
 7 19 0 -1 -7.300392e-07 -3.889287e-07
 7 19 1 -1 -2.7338484e-07 2.8708388e-07
 7 20 0 -1 1.082193e-06 -5.0033816e-07
 7 20 1 -1 1.3068066e-07 -7.4610234e-08
 7 21 0 -1 1.7573417e-06 -7.366165e-08
 7 21 1 -1 -6.230815e-07 1.6160844e-07
 7 22 0 -1 -8.9431893e-07 -5.785562e-07
 7 22 1 -1 -8.09642e-07 1.5574525e-06
 7 23 0 -1 -2.2465076e-06 -1.4305637e-06
 7 23 1 -1 -8.5777356e-07 3.101252e-06
 7 24 0 -1 -3.0923989e-06 -2.2729255e-06
 7 24 1 -1 1.0011785e-06 5.210555e-06
 7 25 0 -1 1.617549e-06 -3.7073664e-06
 7 25 1 -1 6.123502e-06 2.189229e-06
 7 26 0 -1 2.8063994e-06 -3.994566e-06
 7 26 1 -1 -3.4314422e-07 1.3530923e-06
 7 27 0 -1 -1.6134769e-06 -4.9261944e-06
 7 27 1 -1 -7.0736323e-06 2.89299e-06
 7 28 0 -1 9.871761e-07 -2.648446e-06
 7 28 1 -1 -3.6650636e-06 2.7237415e-06
 7 29 0 -1 2.8143086e-06 -5.797644e-06
 7 29 1 -1 -9.735066e-07 1.4870756e-07
 7 30 0 -1 3.9815964e-06 -7.915479e-07
 7 30 1 -1 3.3459007e-06 -6.1547985e-06
 7 31 0 -1 4.7948856e-06 5.92186e-06
 7 31 1 -1 7.3931724e-06 -4.5066345e-06
 8 0 0 -0.913039 -0.4078721 -2.0999887e-06
 8 0 1 -0.9146883 -0.40009934 0.05714704
 8 1 0 -0.8838547 -0.46776152 -8.282465e-07
 8 1 1 -0.8867751 -0.45591578 0.07596521
 8 2 0 -0.83777505 -0.54601556 4.8392644e-07
 8 2 1 -0.84341127 -0.52684563 0.10531404
 8 3 0 -0.75973773 -0.65022963 -6.546394e-07
 8 3 1 -0.77188087 -0.61682415 0.15403873
 8 4 0 -0.6156924 -0.7879867 -2.387482e-08
 8 4 1 -0.6457522 -0.72454625 0.2409084
 8 5 0 -0.32396817 -0.946068 4.802627e-08
 8 5 1 -0.41141245 -0.8161807 0.40569544
 8 6 0 0.3025615 -0.9531299 2.7866196e-09
 8 6 1 -0.0015153531 -0.70710593 0.707106
 8 7 0 1 -1.5021683e-09 3.0043064e-09
 8 7 1 0.3025614 1.2995741e-09 0.9531299
 8 8 0 0.30256146 0.9531299 3.41293e-08
 8 8 1 -0.001515394 0.707106 0.70710593
 8 9 0 -0.32396808 0.946068 1.675804e-08
 8 9 1 -0.4114125 0.81618065 0.40569547
 8 10 0 -0.61569214 0.7879868 1.90814e-07
 8 10 1 -0.6457516 0.7245468 0.24090824
 8 11 0 -0.75973886 0.6502284 9.815693e-07
 8 11 1 -0.7718832 0.6168216 0.15403697
 8 12 0 -0.83777547 0.54601496 4.6975245e-07
 8 12 1 -0.84341305 0.5268429 0.1053137
 8 13 0 -0.88385576 0.46775964 -4.2232622e-07
 8 13 1 -0.88677645 0.45591322 0.07596463
 8 14 0 -0.9130401 0.40786985 3.6138642e-06
 8 14 1 -0.91468495 0.40010682 0.057148576
 8 15 0 -0.93258655 0.36094633 9.922035e-06
 8 15 1 -0.9335838 0.35559174 0.044449836
 8 16 0 -0.94627315 0.3233684 5.1441166e-06
 8 16 1 -0.9469078 0.3195388 0.035504203
 8 17 0 -0.956203 0.29270422 1.1129074e-06
 8 17 1 -0.9566261 0.28987277 0.028988926
 8 18 0 -0.9636377 0.2672123 2.4508959e-06
 8 18 1 -0.9639293 0.26506454 0.02410534
 8 19 0 -0.96933836 0.24572991 3.0953488e-06
 8 19 1 -0.9695442 0.2440708 0.020339705
 8 20 0 -0.9738017 0.22739884 -2.4843127e-06
 8 20 1 -0.97395194 0.22608641 0.017396655
 8 21 0 -0.9773652 0.21155946 -6.9836565e-06
 8 21 1 -0.97747713 0.21050541 0.015032565
 8 22 0 -0.9802431 0.19779655 -3.4213746e-05
 8 22 1 -0.9803252 0.19695175 0.013135488
 8 23 0 -0.9826108 0.18567672 -0.00010995813
 8 23 1 -0.9826729 0.18498847 0.011538196
 8 24 0 -0.9845751 0.17496222 -2.1617334e-05
 8 24 1 -0.98462474 0.17438164 0.01024701
 8 25 0 -0.9862296 0.16538188 -2.0341615e-05
 8 25 1 -0.9862722 0.16487336 0.009159314
 8 26 0 -0.98763674 0.15675987 -6.9971425e-06
 8 26 1 -0.98766726 0.15634951 0.00825305
 8 27 0 -0.988824 0.14908724 -1.9662548e-05
 8 27 1 -0.9888554 0.14869191 0.007462363
 8 28 0 -0.98985547 0.14207834 -9.021487e-06
 8 28 1 -0.9898841 0.14171706 0.0067593474
 8 29 0 -0.9907498 0.13570133 3.0517982e-05
 8 29 1 -0.9907698 0.13541922 0.006076362
 8 30 0 -0.99165165 0.12894529 -9.425793e-05
 8 30 1 -0.9915912 0.12927286 0.0059429933
 8 31 0 -0.992214 0.124544345 -0.00027513294
 8 31 1 -0.9922172 0.12438619 0.00576228
 9 0 0 -0.698622 -0.71549106 1.8137277e-07
 9 0 1 -0.7036062 -0.7034503 0.10047905
 9 1 0 -0.61409885 -0.78922904 4.2559986e-08
 9 1 1 -0.62225354 -0.7721693 0.12866645
 9 2 0 -0.49332446 -0.86984533 2.0075272e-07
 9 2 1 -0.5073612 -0.8450117 0.1689375
 9 3 0 -0.31686473 -0.9484708 -1.3781604e-07
 9 3 1 -0.34239274 -0.9115418 0.2277252
 9 4 0 -0.05667578 -0.99839264 -3.392359e-08
 9 4 1 -0.10567217 -0.9434935 0.3140914
 9 5 0 0.3150487 -0.9490755 7.0761033e-09
 9 5 1 0.21772021 -0.87331086 0.43580505
 9 6 0 0.76113725 -0.64859086 -2.7400556e-08
 9 6 1 0.5793141 -0.5763659 0.5763658
 9 7 0 1 -7.3415682e-09 -2.8658413e-08
 9 7 1 0.76113737 -1.1305426e-08 0.64859074
 9 8 0 0.7611373 0.64859074 -4.4644444e-09
 9 8 1 0.5793141 0.5763659 0.5763658
 9 9 0 0.3150488 0.9490755 -2.8458958e-08
 9 9 1 0.21772031 0.87331086 0.43580505
 9 10 0 -0.05667581 0.99839264 7.754953e-09
 9 10 1 -0.1056722 0.9434936 0.31409127
 9 11 0 -0.31686515 0.9484706 2.3557838e-07
 9 11 1 -0.3423933 0.9115417 0.22772491
 9 12 0 -0.4933247 0.8698452 9.864722e-08
 9 12 1 -0.5073621 0.8450111 0.16893733
 9 13 0 -0.6140991 0.7892289 -3.5803612e-07
 9 13 1 -0.622254 0.7721689 0.12866725
 9 14 0 -0.69862074 0.71549225 1.4697667e-06
 9 14 1 -0.70360565 0.7034508 0.10047965
 9 15 0 -0.75930536 0.6507345 -3.1275997e-07
 9 15 1 -0.76249 0.6420045 0.08024458
 9 16 0 -0.8039771 0.59466034 1.1870779e-06
 9 16 1 -0.80609304 0.58816963 0.065348305
 9 17 0 -0.8376284 0.54624057 1.6618301e-06
 9 17 1 -0.8390834 0.5413031 0.054129954
 9 18 0 -0.8635136 0.5043256 3.1976313e-06
 9 18 1 -0.8645416 0.5004972 0.045501124
 9 19 0 -0.8837978 0.46786898 1.3043656e-06
 9 19 1 -0.8845465 0.46484098 0.038733464
 9 20 0 -0.8999551 0.43598258 3.4132782e-07
 9 20 1 -0.9005091 0.43355632 0.03335002
 9 21 0 -0.9130154 0.40792498 -4.8728216e-06
 9 21 1 -0.9134348 0.40595078 0.028995456
 9 22 0 -0.9237072 0.38309932 -2.2558354e-06
 9 22 1 -0.9240281 0.38147765 0.025433904
 9 23 0 -0.93256927 0.36099115 -1.64892e-05
 9 23 1 -0.9328172 0.35964793 0.022483554
 9 24 0 -0.93998706 0.34121016 -4.9966457e-06
 9 24 1 -0.9401868 0.3400708 0.020018466
 9 25 0 -0.9462632 0.32339752 -8.2983115e-06
 9 25 1 -0.94642 0.3224409 0.017918203
 9 26 0 -0.95160675 0.30731827 2.2308295e-06
 9 26 1 -0.9517329 0.3065029 0.01614194
 9 27 0 -0.95619863 0.2927184 -3.2362667e-07
 9 27 1 -0.95630527 0.2920042 0.014621513
 9 28 0 -0.96018034 0.2793809 -1.1717516e-05
 9 28 1 -0.9602638 0.27877724 0.013291798
 9 29 0 -0.9636289 0.2672441 6.762857e-06
 9 29 1 -0.9637016 0.26670593 0.012129785
 9 30 0 -0.9666985 0.25591773 -2.3046985e-05
 9 30 1 -0.9667475 0.25548577 0.011233393
 9 31 0 -0.969322 0.24579453 -4.883572e-05
 9 31 1 -0.9693735 0.24537215 0.010361669
 10 0 0 -0.44161743 -0.89720345 1.3295586e-07
 10 0 1 -0.44933885 -0.8843845 0.12632735
 10 1 0 -0.31639928 -0.94862616 1.12451566e-07
 10 1 1 -0.3280373 -0.9318156 0.15527786
 10 2 0 -0.15397248 -0.98807514 1.1785122e-07
 10 2 1 -0.17197248 -0.9659808 0.19314869
 10 3 0 0.05510086 -0.9984808 -1.11345706e-07
 10 3 1 0.02662438 -0.9698202 0.24236317
 10 4 0 0.31587127 -0.94880205 -2.284914e-08
 10 4 1 0.2703294 -0.9134105 0.30430797
 10 5 0 0.6139685 -0.78933054 -4.427988e-08
 10 5 1 0.5426966 -0.75133425 0.37546933
 10 6 0 0.8841373 -0.46722707 -9.4529305e-08
 10 6 1 0.7830469 -0.43979412 0.43979394
 10 7 0 1 -6.372662e-09 -1.716746e-07
 10 7 1 0.88413733 1.605226e-08 0.46722716
 10 8 0 0.8841374 0.46722707 -6.999954e-08
 10 8 1 0.78304684 0.4397941 0.439794
 10 9 0 0.61396843 0.78933066 -3.2164195e-08
 10 9 1 0.5426964 0.7513343 0.37546942
 10 10 0 0.3158713 0.94880205 4.193094e-09
 10 10 1 0.27032945 0.9134104 0.30430797
 10 11 0 0.05510076 0.9984808 -7.239669e-08
 10 11 1 0.026623383 0.96982014 0.24236341
 10 12 0 -0.15397254 0.98807514 9.893313e-09
 10 12 1 -0.17197238 0.96598095 0.19314878
 10 13 0 -0.31639943 0.94862604 6.589781e-08
 10 13 1 -0.32803687 0.93181574 0.15527801
 10 14 0 -0.44161767 0.8972033 2.6615575e-07
 10 14 1 -0.4493398 0.88438404 0.12632729
 10 15 0 -0.53846097 0.8426505 1.1197515e-06
 10 15 1 -0.5437216 0.8327856 0.1040909
 10 16 0 -0.6139894 0.7893143 6.837017e-07
 10 16 1 -0.61766255 0.78163373 0.08684313
 10 17 0 -0.6735216 0.7391675 1.4103991e-06
 10 17 1 -0.67614496 0.73311245 0.0733082
 10 18 0 -0.72098935 0.6929461 1.2618739e-06
 10 18 1 -0.72290546 0.68810964 0.06255203
 10 19 0 -0.7592713 0.6507742 -8.266521e-08
 10 19 1 -0.7606976 0.6468645 0.05390218
 10 20 0 -0.79049295 0.6124713 -2.3812374e-06
 10 20 1 -0.79157305 0.60927474 0.04686634
 10 21 0 -0.81621516 0.57774806 -1.7915373e-06
 10 21 1 -0.81704915 0.57510287 0.04107816
 10 22 0 -0.83761394 0.5462627 -7.8079375e-07
 10 22 1 -0.838265 0.54405564 0.036267344
 10 23 0 -0.8555898 0.5176544 6.022896e-07
 10 23 1 -0.8560998 0.5158043 0.032233484
 10 24 0 -0.8708115 0.49161702 1.7578833e-06
 10 24 1 -0.8712191 0.49004698 0.028831858
 10 25 0 -0.8837959 0.46787262 3.0155595e-06
 10 25 1 -0.88413036 0.46652067 0.025920222
 10 26 0 -0.8949595 0.44614735 -2.4070362e-06
 10 26 1 -0.8952305 0.44498757 0.023420304
 10 27 0 -0.90461403 0.42623168 -7.487159e-06
 10 27 1 -0.90483564 0.42522988 0.021258222
 10 28 0 -0.9130073 0.4079433 -7.3413585e-06
 10 28 1 -0.9131992 0.40705258 0.0193769
 10 29 0 -0.92035913 0.3910742 -1.400137e-05
 10 29 1 -0.9205158 0.39030263 0.017735476
 10 30 0 -0.9268527 0.37542522 -1.6218165e-06
 10 30 1 -0.92698485 0.37474284 0.016338242
 10 31 0 -0.93256736 0.36099613 -2.3231845e-05
 10 31 1 -0.9326809 0.3603886 0.015045909
 11 0 0 -0.19846281 -0.9801084 -1.8460649e-07
 11 0 1 -0.20761193 -0.96838117 0.13832992
 11 1 0 -0.05560793 -0.99845266 -9.851135e-08
 11 1 1 -0.06846697 -0.984082 0.16399668
 11 2 0 0.11571318 -0.9932827 -1.4153187e-08
 11 2 1 0.09743495 -0.9759203 0.19515619
 11 3 0 0.31605983 -0.94873923 1.3469623e-08
 11 3 1 0.28997827 -0.9284688 0.23207392
 11 4 0 0.5382978 -0.84275466 2.7182097e-08
 11 4 1 0.5014798 -0.82078886 0.27353913
 11 5 0 0.7593032 -0.650737 1.9993582e-08
 11 5 1 0.7093548 -0.63045776 0.31518045
 11 6 0 0.93263847 -0.3608124 7.3060447e-09
 11 6 1 0.8704939 -0.3480233 0.34802327
 11 7 0 1 1.3265255e-08 3.0561058e-08
 11 7 1 0.9326387 1.3795398e-08 0.36081165
 11 8 0 0.93263835 0.36081246 3.7677044e-08
 11 8 1 0.8704939 0.34802327 0.3480232
 11 9 0 0.7593035 0.65073663 1.15706555e-08
 11 9 1 0.709355 0.63045764 0.3151803
 11 10 0 0.5382983 0.8427543 1.7412702e-08
 11 10 1 0.50148034 0.8207886 0.273539
 11 11 0 0.31606084 0.94873893 8.539645e-08
 11 11 1 0.28997883 0.9284686 0.23207372
 11 12 0 0.11571286 0.9932827 1.4119382e-07
 11 12 1 0.09743538 0.97592026 0.19515629
 11 13 0 -0.05560557 0.99845284 2.103774e-07
 11 13 1 -0.06846613 0.984082 0.1639969
 11 14 0 -0.19846012 0.980109 4.854554e-07
 11 14 1 -0.20761243 0.9683811 0.13832985
 11 15 0 -0.31629524 0.94866073 2.6944113e-07
 11 15 1 -0.32290426 0.939124 0.11738414
 11 16 0 -0.4132221 0.9106303 2.4395442e-07
 11 16 1 -0.4180562 0.9028654 0.100315094
 11 17 0 -0.4930525 0.8699995 3.3767355e-07
 11 17 1 -0.49664533 0.86364627 0.086363174
 11 18 0 -0.5590717 0.8291193 -5.8609237e-07
 11 18 1 -0.56178766 0.82388395 0.074898355
 11 19 0 -0.6139611 0.78933626 -8.673407e-07
 11 19 1 -0.616041 0.78499323 0.0654153
 11 20 0 -0.6598759 0.75137454 -7.0835347e-07
 11 20 1 -0.66148883 0.747746 0.057517614
 11 21 0 -0.69855106 0.71556026 -1.4273269e-06
 11 21 1 -0.69981 0.7125137 0.050893538
 11 22 0 -0.73132557 0.6820285 -1.0608783e-06
 11 22 1 -0.73231846 0.67945427 0.04529473
 11 23 0 -0.759275 0.6507699 -2.7814217e-06
 11 23 1 -0.76007956 0.64856464 0.040534016
 11 24 0 -0.78325886 0.6216957 -5.648052e-07
 11 24 1 -0.78391063 0.6198024 0.036455646
 11 25 0 -0.8039525 0.5946935 1.2828226e-06
 11 25 1 -0.804481 0.5930639 0.03294651
 11 26 0 -0.8219212 0.5696012 -1.1903145e-06
 11 26 1 -0.8223597 0.56818175 0.029902294
 11 27 0 -0.83761907 0.5462549 1.1147438e-06
 11 27 1 -0.8379856 0.54501176 0.027247392
 11 28 0 -0.85136336 0.5245764 1.61528e-06
 11 28 1 -0.85168165 0.5234664 0.024927447
 11 29 0 -0.86351 0.50433165 3.029522e-06
 11 29 1 -0.8637634 0.50337774 0.022882482
 11 30 0 -0.8742373 0.48549885 -9.306246e-08
 11 30 1 -0.8744367 0.48468125 0.02108604
 11 31 0 -0.8837702 0.4679211 -4.171304e-06
 11 31 1 -0.88395256 0.46717083 0.01947616
 12 0 0 0.009440062 -0.9999555 1.3940342e-08
 12 0 1 -7.97977e-05 -0.98995036 0.14141507
 12 1 0 0.15361167 -0.98813134 9.074607e-08
 12 1 1 0.14096229 -0.97654635 0.16274765
 12 2 0 0.31612977 -0.9487159 -5.4424532e-08
 12 2 1 0.29929894 -0.9356331 0.18711194
 12 3 0 0.49293512 -0.8700661 1.5447556e-07
 12 3 1 0.47068325 -0.85596347 0.21397157
 12 4 0 0.6734594 -0.73922426 9.5274174e-08
 12 4 1 0.64462984 -0.7252696 0.24173601
 12 5 0 0.8376254 -0.54624504 2.1486593e-07
 12 5 1 0.80180055 -0.53450775 0.26724005
 12 6 0 0.9562159 -0.2926621 4.280131e-07
 12 6 1 0.91468465 -0.28578994 0.28579047
 12 7 0 1 -4.662844e-10 9.0692646e-07
 12 7 1 0.95621574 2.8489415e-08 0.29266268
 12 8 0 0.9562159 0.2926622 3.9267468e-07
 12 8 1 0.91468453 0.28579006 0.2857906
 12 9 0 0.8376253 0.5462452 1.1994494e-07
 12 9 1 0.8018003 0.5345081 0.2672401
 12 10 0 0.6734593 0.7392243 1.0670157e-07
 12 10 1 0.64462966 0.72526985 0.241736
 12 11 0 0.4929345 0.8700664 6.2651134e-07
 12 11 1 0.47068316 0.8559636 0.2139714
 12 12 0 0.31612965 0.94871604 5.997104e-07
 12 12 1 0.29929882 0.9356331 0.18711178
 12 13 0 0.15361153 0.9881313 5.0357687e-07
 12 13 1 0.14096189 0.97654647 0.16274741
 12 14 0 0.0094410535 0.9999555 8.9311635e-07
 12 14 1 -8.065287e-05 0.9899505 0.14141421
 12 15 0 -0.11594886 0.9932552 8.1832906e-07
 12 15 1 -0.12315684 0.9847245 0.123085335
 12 16 0 -0.22385913 0.97462153 4.519276e-08
 12 16 1 -0.22936328 0.967388 0.10748463
 12 17 0 -0.3162722 0.9486685 -2.9199973e-07
 12 17 1 -0.32050923 0.9425444 0.094253846
 12 18 0 -0.39529306 0.9185551 -4.802534e-07
 12 18 1 -0.39859322 0.91336143 0.08303245
 12 19 0 -0.4629262 0.8863968 -2.6879811e-06
 12 19 1 -0.4655155 0.88198245 0.07349984
 12 20 0 -0.5209416 0.8535922 -3.2329806e-06
 12 20 1 -0.52299714 0.8498236 0.065374665
 12 21 0 -0.57085216 0.82105285 -1.6507897e-06
 12 21 1 -0.5724981 0.8178223 0.05841806
 12 22 0 -0.61395544 0.78934073 -3.3403276e-06
 12 22 1 -0.6152877 0.78655654 0.052439213
 12 23 0 -0.6513192 0.75880384 -5.8722067e-06
 12 23 1 -0.65239924 0.7563996 0.0472744
 12 24 0 -0.6838538 0.7296191 -2.1309606e-06
 12 24 1 -0.6847417 0.7275284 0.042792764
 12 25 0 -0.71229416 0.70188105 4.6410914e-06
 12 25 1 -0.71302766 0.7000568 0.03888463
 12 26 0 -0.7372487 0.67562145 1.3890601e-06
 12 26 1 -0.7378585 0.67402273 0.035469957
 12 27 0 -0.7592557 0.6507925 5.2175146e-08
 12 27 1 -0.7597702 0.6493811 0.032458264
 12 28 0 -0.7787197 0.627372 6.667758e-06
 12 28 1 -0.77916 0.626116 0.029805522
 12 29 0 -0.7960076 0.6052866 1.5515638e-05
 12 29 1 -0.79639435 0.6041545 0.027449666
 12 30 0 -0.8114476 0.5844251 7.4412937e-06
 12 30 1 -0.8117631 0.58343536 0.025373593
 12 31 0 -0.825242 0.5647793 -3.4572806e-06
 12 31 1 -0.8254981 0.5639151 0.023507914
 13 0 0 0.17950983 -0.9837562 1.957164e-07
 13 0 1 0.17026287 -0.9754956 0.13935186
 13 1 0 0.3161641 -0.94870454 1.0590159e-07
 13 1 1 0.30442345 -0.9395776 0.15658973
 13 2 0 0.4628448 -0.8864393 1.4962419e-07
 13 2 1 0.44800502 -0.8766711 0.17532621
 13 3 0 0.6138999 -0.7893838 5.1127465e-08
 13 3 1 0.5953636 -0.7794692 0.19485854
 13 4 0 0.7592403 -0.65081036 4.795174e-08
 13 4 1 0.73661816 -0.6416053 0.21386041
 13 5 0 0.88378954 -0.46788454 7.9435594e-08
 13 5 1 0.85721666 -0.46059245 0.23029163
 13 6 0 0.9693376 -0.2457326 1.08151454e-07
 13 6 1 0.93979347 -0.24164875 0.24164888
 13 7 0 1 9.047668e-08 1.08788235e-07
 13 7 1 0.96933764 1.568177e-07 0.24573256
 13 8 0 0.9693377 0.24573255 1.08577716e-07
 13 8 1 0.9397934 0.24164894 0.24164885
 13 9 0 0.88378966 0.46788445 1.4141827e-07
 13 9 1 0.85721666 0.4605923 0.23029155
 13 10 0 0.7592404 0.65081024 2.626067e-07
 13 10 1 0.73661876 0.64160466 0.21386027
 13 11 0 0.6139008 0.78938323 2.0385481e-07
 13 11 1 0.595364 0.7794691 0.19485834
 13 12 0 0.4628452 0.88643914 3.0914626e-07
 13 12 1 0.44800568 0.87667084 0.17532592
 13 13 0 0.31616366 0.94870466 2.501598e-07
 13 13 1 0.30442345 0.9395776 0.15658972
 13 14 0 0.17950864 0.98375636 1.6441818e-07
 13 14 1 0.17026336 0.97549546 0.1393516
 13 15 0 0.055411976 0.99846363 5.5893236e-07
 13 15 1 0.048124127 0.9911286 0.123887904
 13 16 0 -0.055516217 0.9984578 2.3938532e-07
 13 16 1 -0.061281536 0.992016 0.11022188
 13 17 0 -0.15373926 0.9881114 -2.0409965e-07
 13 17 1 -0.15832788 0.98248655 0.09824713
 13 18 0 -0.24025294 0.9707103 -5.9412434e-07
 13 18 1 -0.24392603 0.96581125 0.0877988
 13 19 0 -0.31625 0.9486759 -1.0366913e-06
 13 19 1 -0.31920514 0.9444122 0.07869972
 13 20 0 -0.38295227 0.9237681 -5.5740163e-08
 13 20 1 -0.38534155 0.9200559 0.070773125
 13 21 0 -0.44152346 0.8972497 6.755769e-07
 13 21 1 -0.4434729 0.89401007 0.06385746
 13 22 0 -0.49302647 0.8700143 1.5274148e-06
 13 22 1 -0.49462974 0.86717904 0.0578095
 13 23 0 -0.5383876 0.8426973 1.4016615e-06
 13 23 1 -0.5397166 0.8402075 0.0525099
 13 24 0 -0.57847154 0.8157025 4.5146144e-06
 13 24 1 -0.5795882 0.81350356 0.047847994
 13 25 0 -0.6139353 0.78935635 1.6004195e-06
 13 25 1 -0.61488533 0.78740287 0.04373584
 13 26 0 -0.6454361 0.76381433 1.1015413e-06
 13 26 1 -0.64623463 0.76208425 0.040104624
 13 27 0 -0.67350906 0.73917896 -2.5291747e-06
 13 27 1 -0.6741512 0.737672 0.036881972
 13 28 0 -0.6985451 0.7155661 -5.93305e-06
 13 28 1 -0.69909775 0.71421695 0.034009047
 13 29 0 -0.7209953 0.69293994 -6.5656936e-06
 13 29 1 -0.72145206 0.69175035 0.031438276
 13 30 0 -0.7411209 0.6713716 -1.0593019e-05
 13 30 1 -0.741541 0.6702742 0.029145919
 13 31 0 -0.7592555 0.65079266 -9.0912245e-06
 13 31 1 -0.75960535 0.6498199 0.027090048
 14 0 0 0.3161819 -0.9486986 9.442023e-07
 14 0 1 0.3075339 -0.94197434 0.13456342
 14 1 0 0.44146323 -0.8972794 7.1508686e-07
 14 1 1 0.4308811 -0.8901311 0.14835094
 14 2 0 0.5707992 -0.82108974 3.0345439e-07
 14 2 1 0.557952 -0.81375855 0.16274711
 14 3 0 0.69851196 -0.71559834 3.6851695e-08
 14 3 1 0.6831363 -0.7084872 0.17711765
 14 4 0 0.8161928 -0.57777965 -1.347662e-07
 14 4 1 0.7982093 -0.57146907 0.19048642
 14 5 0 0.9130064 -0.4079452 -4.2501676e-07
 14 5 1 0.8926613 -0.40314436 0.20157
 14 6 0 0.97735834 -0.21159086 -2.025667e-06
 14 6 1 0.9553299 -0.20898102 0.20897771
 14 7 0 1 3.6748087e-08 -5.918393e-06
 14 7 1 0.9773578 -1.5643781e-08 0.21159309
 14 8 0 0.97735834 0.21159084 -2.4031233e-06
 14 8 1 0.95532984 0.2089811 0.20897795
 14 9 0 0.91300666 0.40794465 -5.3190774e-07
 14 9 1 0.8926609 0.40314505 0.20157048
 14 10 0 0.816193 0.5777794 1.17192556e-07
 14 10 1 0.7982089 0.5714695 0.19048639
 14 11 0 0.6985125 0.7155978 1.7653427e-07
 14 11 1 0.6831365 0.70848703 0.17711765
 14 12 0 0.5708002 0.821089 6.1165116e-07
 14 12 1 0.55795234 0.8137582 0.16274762
 14 13 0 0.4414634 0.89727926 -7.4339545e-07
 14 13 1 0.43088415 0.89012975 0.14835048
 14 14 0 0.31618223 0.9486985 -4.7736177e-07
 14 14 1 0.30753288 0.9419747 0.13456343
 14 15 0 0.19831572 0.98013824 1.5525547e-06
 14 15 1 0.19127002 0.9739582 0.12174204
 14 16 0 0.089545645 0.99598277 1.49262e-06
 14 16 1 0.08380498 0.9903878 0.110039845
 14 17 0 -0.009568798 0.9999542 -2.312467e-07
 14 17 1 -0.014248832 0.9949365 0.09949069
 14 18 0 -0.09910354 0.99507713 -3.3090245e-08
 14 18 1 -0.10294464 0.99060255 0.090049885
 14 19 0 -0.17958806 0.9837418 2.8281676e-07
 14 19 1 -0.18276168 0.9797617 0.081640534
 14 20 0 -0.2517143 0.9678016 6.6624057e-07
 14 20 1 -0.25432932 0.96426964 0.07416618
 14 21 0 -0.3162623 0.9486718 4.8276415e-06
 14 21 1 -0.31841764 0.94554204 0.06753109
 14 22 0 -0.37394342 0.9274515 8.21334e-06
 14 22 1 -0.37577635 0.92465824 0.06163776
 14 23 0 -0.42552817 0.90494525 1.3641182e-05
 14 23 1 -0.42707756 0.90245456 0.056396957
 14 24 0 -0.47175312 0.8817306 -6.467475e-06
 14 24 1 -0.47304517 0.8795184 0.051727302
 14 25 0 -0.51316553 0.85828966 -2.9096776e-05
 14 25 1 -0.5142421 0.85632426 0.047579177
 14 26 0 -0.55034256 0.83493894 -5.1595166e-06
 14 26 1 -0.5512535 0.833184 0.04386367
 14 27 0 -0.58378494 0.81190836 1.0575418e-05
 14 27 1 -0.58460045 0.81030846 0.040527914
 14 28 0 -0.61392987 0.78936064 -1.6656255e-05
 14 28 1 -0.614617 0.7879318 0.037541315
 14 29 0 -0.6411601 0.76740724 -2.9329167e-05
 14 29 1 -0.6417624 0.76611185 0.034837015
 14 30 0 -0.66581523 0.7461167 -2.1250818e-05
 14 30 1 -0.6663314 0.74495065 0.032420408
 14 31 0 -0.6881946 0.7255262 -1.1846915e-05
 14 31 1 -0.688599 0.72451216 0.030224748
 15 0 0 0.42549977 -0.90495855 -2.5519297e-08
 15 0 1 0.4175845 -0.89950603 0.12849936
 15 1 0 0.53835875 -0.8427158 1.5144964e-08
 15 1 1 0.52896094 -0.8370997 0.1395149
 15 2 0 0.6512861 -0.7588322 -1.6253183e-07
 15 2 1 0.64022964 -0.7532664 0.15065111
 15 3 0 0.75924015 -0.6508105 -7.949662e-08
 15 3 1 0.7464318 -0.64559335 0.16139604
 15 4 0 0.85557526 -0.51767844 -6.423958e-08
 15 4 1 0.841048 -0.5132007 0.17106512
 15 5 0 0.9325653 -0.3610015 5.0726253e-08
 15 5 1 0.91655546 -0.35768867 0.17884348
 15 6 0 0.982608 -0.18569177 4.2263903e-09
 15 6 1 0.9655803 -0.18392226 0.18392222
 15 7 0 1 -6.898379e-08 6.008424e-08
 15 7 1 0.98260844 -6.879199e-08 0.18568954
 15 8 0 0.9826081 0.1856917 8.452346e-08
 15 8 1 0.9655803 0.18392229 0.18392228
 15 9 0 0.93256533 0.36100146 4.169528e-09
 15 9 1 0.916555 0.35768938 0.17884381
 15 10 0 0.85557574 0.51767766 -3.625357e-08
 15 10 1 0.8410472 0.5132019 0.17106545
 15 11 0 0.7592387 0.65081227 -5.1277407e-08
 15 11 1 0.7464299 0.64559543 0.16139688
 15 12 0 0.6512867 0.7588318 -2.4579415e-07
 15 12 1 0.6402324 0.75326407 0.1506509
 15 13 0 0.538358 0.84271634 -2.1986526e-08
 15 13 1 0.52896166 0.8370992 0.13951473
 15 14 0 0.42550063 0.9049581 -8.9528385e-08
 15 14 1 0.41758832 0.89950424 0.12849934
 15 15 0 0.3161806 0.948699 -5.9823424e-07
 15 15 1 0.30955982 0.94353735 0.1179405
 15 16 0 0.21258193 0.9771432 -9.594297e-07
 15 16 1 0.20704389 0.97234803 0.10803728
 15 17 0 0.11585136 0.9932666 -6.808484e-07
 15 17 1 0.1112138 0.9888646 0.09888544
 15 18 0 0.026484085 0.9996492 -5.1157804e-07
 15 18 1 0.022604141 0.9956388 0.090512216
 15 19 0 -0.05548642 0.9984594 -2.6422288e-07
 15 19 1 -0.058744054 0.9948249 0.08290126
 15 20 0 -0.13031717 0.99147236 1.1095218e-06
 15 20 1 -0.1330411 0.9881912 0.076014884
 15 21 0 -0.19837941 0.9801253 -4.832995e-07
 15 21 1 -0.2006939 0.9771644 0.069797374
 15 22 0 -0.2601574 0.9655662 -1.7998059e-06
 15 22 1 -0.26214713 0.96289057 0.06419209
 15 23 0 -0.31626332 0.94867146 -5.775152e-07
 15 23 1 -0.31788763 0.946282 0.059141662
 15 24 0 -0.3670769 0.93019056 -3.3808476e-06
 15 24 1 -0.36848626 0.9280289 0.054592855
 15 25 0 -0.4131475 0.91066414 -2.4386982e-06
 15 25 1 -0.41438904 0.90869826 0.05048936
 15 26 0 -0.45498165 0.89050084 3.0772933e-06
 15 26 1 -0.4560641 0.88871664 0.04677781
 15 27 0 -0.4930193 0.87001836 1.4756367e-06
 15 27 1 -0.49394545 0.8684081 0.043419376
 15 28 0 -0.52760327 0.8494909 1.57157e-06
 15 28 1 -0.52836066 0.84805906 0.04038383
 15 29 0 -0.5589727 0.829186 -2.8776174e-06
 15 29 1 -0.5597211 0.8278262 0.037631918
 15 30 0 -0.58767134 0.8090998 -4.927418e-06
 15 30 1 -0.58827925 0.80789423 0.035134234
 15 31 0 -0.61389947 0.7893841 -2.988987e-06
 15 31 1 -0.6143974 0.7883125 0.032850746
 16 0 0 0.5131353 -0.8583078 -6.9923396e-07
 16 0 1 0.5059723 -0.8538806 0.12198319
 16 1 0 0.61391926 -0.7893688 -7.16336e-07
 16 1 1 0.6056193 -0.78492767 0.13081953
 16 2 0 0.71226877 -0.70190686 3.6213302e-07
 16 2 1 0.7027524 -0.6976195 0.13952154
 16 3 0 0.80393565 -0.59471637 3.3374786e-07
 16 3 1 0.79318017 -0.5908047 0.14769948
 16 4 0 0.8837816 -0.4678996 2.2540391e-07
 16 4 1 0.871859 -0.46462443 0.15487394
 16 5 0 0.9462581 -0.3234125 7.974571e-07
 16 5 1 0.9333643 -0.3210372 0.16051868
 16 6 0 0.986228 -0.16539177 2.377824e-06
 16 6 1 0.9726846 -0.16413951 0.16414286
 16 7 0 1 -5.0610453e-08 5.52543e-06
 16 7 1 0.9862277 2.466382e-07 0.16539314
 16 8 0 0.9862279 0.16539168 1.892822e-06
 16 8 1 0.97268444 0.16414024 0.16414325
 16 9 0 0.94625837 0.3234117 9.2415104e-07
 16 9 1 0.9333645 0.32103643 0.16051872
 16 10 0 0.88378173 0.46789932 6.037255e-07
 16 10 1 0.87186 0.46462253 0.15487392
 16 11 0 0.8039359 0.59471595 -8.2785954e-07
 16 11 1 0.7931798 0.590805 0.14770001
 16 12 0 0.7122684 0.7019071 -1.0513285e-06
 16 12 1 0.70275325 0.69761866 0.13952139
 16 13 0 0.6139187 0.7893692 1.6432246e-07
 16 13 1 0.6056189 0.784928 0.13081945
 16 14 0 0.5131347 0.85830814 -2.9427918e-07
 16 14 1 0.5059677 0.8538834 0.12198297
 16 15 0 0.41314384 0.91066575 -1.7574373e-06
 16 15 1 0.4069929 0.9063778 0.11329661
 16 16 0 0.3162063 0.9486905 -2.6516082e-06
 16 16 1 0.31095278 0.94461256 0.10495463
 16 17 0 0.22377592 0.97464067 -1.3483153e-06
 16 17 1 0.21930484 0.9708147 0.09707868
 16 18 0 0.13672675 0.9906088 -6.698653e-07
 16 18 1 0.13291772 0.98705673 0.08973261
 16 19 0 0.055450927 0.99846137 3.2450214e-06
 16 19 1 0.052194204 0.9951873 0.08293366
 16 20 0 -0.019966604 0.9998007 6.803024e-06
 16 20 1 -0.02273967 0.9967963 0.07668144
 16 21 0 -0.089600734 0.99597776 1.1306795e-06
 16 21 1 -0.09198404 0.99322915 0.070955925
 16 22 0 -0.15370938 0.98811615 -3.9616629e-07
 16 22 1 -0.15576713 0.9856056 0.065713845
 16 23 0 -0.21260035 0.9771393 -1.1421291e-06
 16 23 1 -0.21440727 0.9748413 0.06094174
 16 24 0 -0.26666704 0.9637887 3.0471124e-06
 16 24 1 -0.26819697 0.96170104 0.05658187
 16 25 0 -0.31620383 0.9486913 4.8306797e-06
 16 25 1 -0.31752986 0.9467885 0.052596077
 16 26 0 -0.36164823 0.9323146 5.682272e-06
 16 26 1 -0.36279452 0.93058175 0.04896729
 16 27 0 -0.4033138 0.9150617 1.0827947e-05
 16 27 1 -0.40431336 0.91347855 0.045689978
 16 28 0 -0.44151807 0.8972523 1.6468586e-05
 16 28 1 -0.44240034 0.89580166 0.042678196
 16 29 0 -0.47658527 0.8791282 2.5336301e-05
 16 29 1 -0.47732615 0.8778194 0.03991039
 16 30 0 -0.5087706 0.8609022 2.3909162e-05
 16 30 1 -0.50941664 0.859708 0.037374645
 16 31 0 -0.5384293 0.8426706 2.251768e-05
 16 31 1 -0.5389746 0.8415923 0.035053622
 17 0 0 0.5837785 -0.8119129 -2.9484832e-07
 17 0 1 0.5773315 -0.80830353 0.11547204
 17 1 0 0.67347264 -0.7392122 -5.3711875e-07
 17 1 1 0.66615665 -0.7356643 0.122610435
 17 2 0 0.7592435 -0.65080667 1.8617946e-07
 17 2 1 0.7510197 -0.64745766 0.12949128
 17 3 0 0.8376019 -0.5462811 1.15894025e-07
 17 3 1 0.8284864 -0.5432888 0.13582225
 17 4 0 0.90459925 -0.4262631 2.6106807e-07
 17 4 1 0.8946694 -0.42380407 0.14126855
 17 5 0 0.95619756 -0.29272202 2.1580965e-07
 17 5 1 0.945608 -0.29096422 0.14548312
 17 6 0 0.98882604 -0.14907426 1.3376971e-06
 17 6 1 0.97780335 -0.14815572 0.14815712
 17 7 0 1 1.4022763e-07 2.3780456e-06
 17 7 1 0.988826 2.3797712e-07 0.1490746
 17 8 0 0.98882586 0.14907482 1.5844457e-06
 17 8 1 0.97780335 0.14815576 0.14815685
 17 9 0 0.9561973 0.29272282 6.5456254e-07
 17 9 1 0.9456079 0.29096448 0.145483
 17 10 0 0.90459895 0.42626378 1.0077237e-07
 17 10 1 0.8946694 0.42380396 0.14126854
 17 11 0 0.83760196 0.5462811 5.3115432e-08
 17 11 1 0.8284878 0.5432867 0.13582142
 17 12 0 0.7592434 0.6508068 2.4485138e-07
 17 12 1 0.75102144 0.64745575 0.1294906
 17 13 0 0.67347354 0.7392114 4.4597235e-07
 17 13 1 0.66615677 0.7356643 0.12260971
 17 14 0 0.58377695 0.8119141 7.7460646e-07
 17 14 1 0.5773317 0.8083035 0.11547097
 17 15 0 0.49299604 0.87003154 7.183177e-07
 17 15 1 0.48735762 0.8664595 0.108307585
 17 16 0 0.4032792 0.915077 2.5824542e-07
 17 16 1 0.39838135 0.91160995 0.10128969
 17 17 0 0.31619987 0.94869256 2.7221878e-07
 17 17 1 0.31195873 0.9453806 0.09453644
 17 18 0 0.23279357 0.9725262 9.9918e-07
 17 18 1 0.22911786 0.96940124 0.088126086
 17 19 0 0.15369135 0.98811895 1.6818167e-06
 17 19 1 0.15050033 0.9851951 0.08209916
 17 20 0 0.079227544 0.9968566 -6.283505e-07
 17 20 1 0.0764554 0.9941362 0.07647101
 17 21 0 0.009509132 0.9999548 -9.947522e-07
 17 21 1 0.0071092164 0.9974336 0.07124437
 17 22 0 -0.055483084 0.99845964 -1.3968848e-06
 17 22 1 -0.057575844 0.9961301 0.06640583
 17 23 0 -0.115907475 0.99326 -5.1600414e-06
 17 23 1 -0.117698275 0.9911154 0.061945714
 17 24 0 -0.17192976 0.9851092 -8.336191e-06
 17 24 1 -0.17350125 0.98313427 0.057829726
 17 25 0 -0.22384448 0.9746249 -2.4878252e-06
 17 25 1 -0.22520548 0.97281134 0.054042395
 17 26 0 -0.27182773 0.9623459 4.4691407e-07
 17 26 1 -0.27306023 0.9606672 0.050563104
 17 27 0 -0.31624776 0.9486766 3.837733e-06
 17 27 1 -0.31732762 0.94713235 0.04736518
 17 28 0 -0.35730454 0.9339879 3.5768671e-06
 17 28 1 -0.35825098 0.93256843 0.04441094
 17 29 0 -0.3952231 0.9185851 2.5155052e-06
 17 29 1 -0.39611772 0.9172525 0.04169639
 17 30 0 -0.43038562 0.9026451 4.2387746e-06
 17 30 1 -0.43114728 0.9014301 0.03919005
 17 31 0 -0.46289727 0.88641196 6.280875e-06
 17 31 1 -0.46352905 0.8853136 0.03688674
 18 0 0 0.64114636 -0.76741856 3.2807614e-07
 18 0 1 0.6353647 -0.76445097 0.10920763
 18 1 0 0.7209553 -0.69298154 7.8356527e-07
 18 1 1 0.7144937 -0.6901226 0.11501995
 18 2 0 0.7960107 -0.6052825 -2.1268924e-07
 18 2 1 0.7888678 -0.60262877 0.120524384
 18 3 0 0.863495 -0.5043574 -6.2432105e-07
 18 3 1 0.8556979 -0.50202566 0.12550458
 18 4 0 0.92036223 -0.39106712 -3.605698e-07
 18 4 1 0.9119826 -0.38917738 0.12972508
 18 5 0 0.96363205 -0.26723257 -3.9697338e-07
 18 5 1 0.9547893 -0.2658987 0.1329489
 18 6 0 0.9907545 -0.13566695 -2.4327394e-06
 18 6 1 0.9816128 -0.13497555 0.13497376
 18 7 0 1 -3.7776378e-08 -4.082662e-06
 18 7 1 0.99075454 7.0431923e-07 0.13566625
 18 8 0 0.9907545 0.13566689 -7.4147744e-07
 18 8 1 0.98161256 0.134976 0.13497478
 18 9 0 0.9636319 0.2672331 -1.8677733e-08
 18 9 1 0.9547894 0.26589814 0.1329489
 18 10 0 0.9203622 0.39106712 -1.6284453e-07
 18 10 1 0.9119823 0.38917807 0.12972581
 18 11 0 0.8634943 0.5043587 -2.3865192e-07
 18 11 1 0.855697 0.5020269 0.12550545
 18 12 0 0.79601014 0.60528326 9.956669e-08
 18 12 1 0.78886724 0.60262924 0.12052562
 18 13 0 0.720953 0.6929839 -9.766922e-08
 18 13 1 0.7144936 0.6901224 0.115021706
 18 14 0 0.6411467 0.76741827 2.8912402e-07
 18 14 1 0.6353637 0.7644519 0.10920704
 18 15 0 0.5590226 0.8291524 -1.7763319e-06
 18 15 1 0.55388004 0.8261674 0.10326844
 18 16 0 0.47655252 0.87914604 -1.6494408e-06
 18 16 1 0.47200924 0.8762016 0.097355254
 18 17 0 0.39524898 0.91857404 -8.61641e-07
 18 17 1 0.39124286 0.91572016 0.09157272
 18 18 0 0.31621045 0.94868904 -9.321708e-07
 18 18 1 0.31269532 0.9459524 0.08599837
 18 19 0 0.24021615 0.97071946 -9.126111e-09
 18 19 1 0.23712805 0.9681224 0.08067957
 18 20 0 0.16774766 0.98582995 1.5677499e-06
 18 20 1 0.16503511 0.9833825 0.07564503
 18 21 0 0.09906877 0.9950806 -2.0872985e-06
 18 21 1 0.09669491 0.9927847 0.07091303
 18 22 0 0.034316905 0.999411 -2.3515026e-06
 18 22 1 0.03222511 0.99726677 0.066487014
 18 23 0 -0.026528534 0.99964803 -6.3297985e-06
 18 23 1 -0.02835811 0.99765074 0.0623602
 18 24 0 -0.08347304 0.99651 -4.6469204e-06
 18 24 1 -0.085093826 0.9946532 0.058514673
 18 25 0 -0.13673405 0.99060774 1.894878e-06
 18 25 1 -0.13817382 0.98888296 0.054940686
 18 26 0 -0.18646179 0.98246217 -3.340705e-06
 18 26 1 -0.18773104 0.9808626 0.051629905
 18 27 0 -0.23282455 0.9725188 1.0064327e-06
 18 27 1 -0.23393737 0.97103804 0.04856356
 18 28 0 -0.27601513 0.9611533 -8.221006e-06
 18 28 1 -0.27697605 0.9597886 0.045717806
 18 29 0 -0.31622925 0.94868284 -2.4376892e-05
 18 29 1 -0.31709382 0.94741523 0.043079417
 18 30 0 -0.35368845 0.93536335 -2.843357e-05
 18 30 1 -0.35448235 0.9341803 0.04061094
 18 31 0 -0.38859224 0.92140985 -3.9171136e-05
 18 31 1 -0.38930222 0.92031246 0.038325153
 19 0 0 0.68813276 -0.72558486 -2.1356135e-07
 19 0 1 0.6829352 -0.72313726 0.10330612
 19 1 0 0.75924146 -0.6508091 1.1604187e-07
 19 1 1 0.75352335 -0.6484762 0.108079575
 19 2 0 0.82522124 -0.5648096 -4.802752e-07
 19 2 1 0.81898177 -0.56267637 0.11253516
 19 3 0 0.8837815 -0.4678998 -3.0079133e-07
 19 3 1 0.87705165 -0.46605274 0.116512895
 19 4 0 0.9325642 -0.3610043 -1.4300042e-07
 19 4 1 0.9254092 -0.3595222 0.119839825
 19 5 0 0.96933264 -0.2457525 4.0536403e-07
 19 5 1 0.9618435 -0.24471606 0.12235642
 19 6 0 0.9922243 -0.12446266 9.268149e-08
 19 6 1 0.98452204 -0.12392846 0.12392744
 19 7 0 1 2.8770625e-08 -1.4982174e-08
 19 7 1 0.9922246 1.18679955e-08 0.12446076
 19 8 0 0.9922242 0.12446279 1.6338781e-07
 19 8 1 0.9845222 0.12392801 0.12392695
 19 9 0 0.96933275 0.24575199 2.743423e-07
 19 9 1 0.9618438 0.24471512 0.122356266
 19 10 0 0.93256426 0.361004 6.336791e-07
 19 10 1 0.92540985 0.35952064 0.11983923
 19 11 0 0.88378334 0.46789643 4.3163476e-07
 19 11 1 0.87705415 0.46604845 0.116511516
 19 12 0 0.8252242 0.56480527 5.383307e-07
 19 12 1 0.8189806 0.56267786 0.112536
 19 13 0 0.7592439 0.6508061 8.5514813e-07
 19 13 1 0.7535251 0.64847416 0.108079575
 19 14 0 0.68813336 0.72558427 8.512163e-07
 19 14 1 0.6829373 0.7231353 0.10330504
 19 15 0 0.6139264 0.78936327 9.064533e-07
 19 15 1 0.6092472 0.7868569 0.09835699
 19 16 0 0.53837496 0.8427054 1.9946497e-06
 19 16 1 0.5341807 0.8401999 0.093354516
 19 17 0 0.46288845 0.8864165 1.4892311e-06
 19 17 1 0.45913863 0.8839559 0.0883954
 19 18 0 0.38857576 0.9214168 1.7477807e-06
 19 18 1 0.38523233 0.9190299 0.08354739
 19 19 0 0.31623188 0.94868195 3.3532322e-07
 19 19 1 0.31325248 0.94638956 0.07886501
 19 20 0 0.2464256 0.9691617 -6.036548e-07
 19 20 1 0.24378246 0.9669733 0.07438176
 19 21 0 0.1795677 0.98374563 -6.05545e-08
 19 21 1 0.17723013 0.98166853 0.0701163
 19 22 0 0.115865335 0.9932649 -7.5949785e-08
 19 22 1 0.11381758 0.9913012 0.066086665
 19 23 0 0.055476617 0.99846 -4.110747e-07
 19 23 1 0.0536293 0.99661654 0.062284745
 19 24 0 -0.0016568184 0.9999986 1.8628427e-06
 19 24 1 -0.0032789435 0.99826914 0.058719065
 19 25 0 -0.05548042 0.99845976 4.7486438e-07
 19 25 1 -0.056968182 0.9968389 0.05537798
 19 26 0 -0.106070854 0.9943586 -2.215383e-06
 19 26 1 -0.107455045 0.9928357 0.05225539
 19 27 0 -0.15371463 0.98811525 -1.5760502e-06
 19 27 1 -0.15488912 0.9866992 0.049336124
 19 28 0 -0.19835526 0.9801302 -7.9583543e-07
 19 28 1 -0.19941281 0.97880626 0.046613514
 19 29 0 -0.24013203 0.97074026 2.207194e-06
 19 29 1 -0.24114227 0.96948886 0.04406557
 19 30 0 -0.27947938 0.96015173 5.048258e-07
 19 30 1 -0.28026783 0.959016 0.041691553
 19 31 0 -0.3162524 0.9486751 -2.6378002e-06
 19 31 1 -0.31697065 0.9476134 0.039476473
 20 0 0 0.7269338 -0.6867076 2.3855873e-07
 20 0 1 0.72226804 -0.6846623 0.09780792
 20 1 0 0.7904739 -0.6124958 -7.500605e-07
 20 1 1 0.78538674 -0.61058295 0.10176462
 20 2 0 0.8487546 -0.528787 2.961395e-07
 20 2 1 0.843266 -0.5270581 0.10541415
 20 3 0 0.8999439 -0.43600565 6.315852e-07
 20 3 1 0.89408636 -0.43452105 0.10863275
 20 4 0 0.9421924 -0.33507234 -4.1741075e-07
 20 4 1 0.9360187 -0.33388853 0.1112985
 20 5 0 0.97379714 -0.22741838 -1.2961958e-07
 20 5 1 0.96737707 -0.22659476 0.11329804
 20 6 0 0.99336994 -0.11496146 2.6812168e-06
 20 6 1 0.9867937 -0.11453636 0.11454066
 20 7 0 1 7.228712e-07 7.699376e-06
 20 7 1 0.9933699 6.548747e-07 0.11496243
 20 8 0 0.99336994 0.11496139 2.8393426e-06
 20 8 1 0.98679394 0.11453686 0.11453856
 20 9 0 0.9737975 0.22741699 1.1266363e-06
 20 9 1 0.967377 0.22659598 0.113296464
 20 10 0 0.94219244 0.33507228 1.1209096e-06
 20 10 1 0.93601865 0.33388954 0.11129623
 20 11 0 0.89994353 0.43600643 1.8550833e-06
 20 11 1 0.89408755 0.4345189 0.10863115
 20 12 0 0.848753 0.5287895 7.401743e-07
 20 12 1 0.84326875 0.52705383 0.10541342
 20 13 0 0.79047006 0.6125006 -2.6615714e-06
 20 13 1 0.7853867 0.6105829 0.101765946
 20 14 0 0.7269352 0.68670607 -1.681947e-06
 20 14 1 0.7222649 0.68466514 0.0978112
 20 15 0 0.65985745 0.7513909 2.651046e-07
 20 15 1 0.65560097 0.7492763 0.093661755
 20 16 0 0.5907563 0.8068501 1.9864447e-06
 20 16 1 0.5868998 0.8047075 0.08941062
 20 17 0 0.5209107 0.85361123 2.2753318e-06
 20 17 1 0.5174216 0.8514839 0.08514739
 20 18 0 0.45135334 0.8923453 2.8150307e-06
 20 18 1 0.44821534 0.89025456 0.08093137
 20 19 0 0.3829184 0.9237821 4.08117e-06
 20 19 1 0.3800981 0.9217512 0.076811865
 20 20 0 0.3162187 0.94868636 3.4339878e-06
 20 20 1 0.31368914 0.9467289 0.0728253
 20 21 0 0.25168192 0.96781003 2.6204048e-06
 20 21 1 0.24943446 0.9659307 0.06899532
 20 22 0 0.18963271 0.98185503 1.5216398e-07
 20 22 1 0.18761794 0.9800666 0.06533671
 20 23 0 0.13027103 0.9914784 1.2854459e-06
 20 23 1 0.12847655 0.9897814 0.061859466
 20 24 0 0.07368372 0.9972817 -4.644769e-06
 20 24 1 0.07208745 0.99567735 0.058566615
 20 25 0 0.019916166 0.99980164 -5.6259623e-06
 20 25 1 0.0184791 0.9982899 0.055460483
 20 26 0 -0.031048033 0.99951786 -1.6794143e-06
 20 26 1 -0.03233254 0.9980962 0.052521694
 20 27 0 -0.079229996 0.99685645 2.0171558e-06
 20 27 1 -0.08042048 0.99551827 0.049759004
 20 28 0 -0.12478153 0.9921842 1.6475303e-06
 20 28 1 -0.12582254 0.99093044 0.0471763
 20 29 0 -0.16778035 0.98582435 8.184252e-06
 20 29 1 -0.16871093 0.9846488 0.04475814
 20 30 0 -0.20827289 0.9780708 9.7342e-06
 20 30 1 -0.20913956 0.97696275 0.04248021
 20 31 0 -0.24642126 0.9691628 2.7552027e-05
 20 31 1 -0.24722308 0.9681178 0.040356133
 21 0 0 0.7592477 -0.6508018 1.1305522e-06
 21 0 1 0.75504166 -0.64908737 0.0927237
 21 1 0 0.81619745 -0.5777731 -6.255553e-08
 21 1 1 0.81166065 -0.5761817 0.09602901
 21 2 0 0.86794585 -0.49665886 -1.2833403e-06
 21 2 1 0.86309534 -0.49523348 0.09904617
 21 3 0 0.91300493 -0.4079486 -1.7949689e-06
 21 3 1 0.9078693 -0.40673533 0.101684034
 21 4 0 0.949915 -0.31250834 -1.8196622e-06
 21 4 1 0.94453746 -0.31155115 0.10385055
 21 5 0 0.977358 -0.21159238 1.5131256e-07
 21 5 1 0.9717951 -0.21092935 0.105465874
 21 6 0 0.9942807 -0.10679833 4.7062817e-06
 21 6 1 0.98860127 -0.1064588 0.10646173
 21 7 0 1 -6.319315e-07 8.02747e-06
 21 7 1 0.9942809 -1.5290261e-06 0.10679692
 21 8 0 0.99428076 0.106797725 5.3624253e-06
 21 8 1 0.9886014 0.10645711 0.1064617
 21 9 0 0.9773577 0.21159394 2.6983523e-06
 21 9 1 0.97179466 0.21093076 0.10546674
 21 10 0 0.94991404 0.3125112 1.5251809e-06
 21 10 1 0.9445359 0.31155533 0.10385174
 21 11 0 0.9130046 0.40794936 1.6612097e-06
 21 11 1 0.90787 0.40673372 0.10168443
 21 12 0 0.86794734 0.49665624 1.3295495e-06
 21 12 1 0.8630965 0.49523148 0.099046715
 21 13 0 0.8161982 0.577772 6.180728e-07
 21 13 1 0.8116617 0.57618004 0.09603061
 21 14 0 0.7592496 0.65079945 1.0478212e-06
 21 14 1 0.7550434 0.6490849 0.09272677
 21 15 0 0.6985289 0.7155819 1.2183651e-06
 21 15 1 0.69465256 0.71379066 0.08922256
 21 16 0 0.6353412 0.7722315 7.3043225e-07
 21 16 1 0.63178825 0.77040005 0.08559966
 21 17 0 0.57081807 0.8210765 7.207576e-07
 21 17 1 0.56758267 0.8192305 0.0819231
 21 18 0 0.50594014 0.86256856 -1.6339461e-06
 21 18 1 0.50300133 0.8607359 0.07825104
 21 19 0 0.44148898 0.89726675 6.7827386e-07
 21 19 1 0.4388321 0.895465 0.0746244
 21 20 0 0.37808686 0.9257701 -9.68563e-07
 21 20 1 0.37567723 0.92402065 0.07108144
 21 21 0 0.31620198 0.94869196 -3.4125073e-06
 21 21 1 0.31402418 0.9470019 0.06764779
 21 22 0 0.25622046 0.96661836 -4.201371e-06
 21 22 1 0.254255 0.9649953 0.06433047
 21 23 0 0.19833824 0.9801336 -1.3841284e-06
 21 23 1 0.19655833 0.97858304 0.061156277
 21 24 0 0.14278315 0.98975396 4.1612707e-06
 21 24 1 0.14116897 0.98827744 0.05812881
 21 25 0 0.089556225 0.9959818 6.724127e-06
 21 25 1 0.08812265 0.99457616 0.05525086
 21 26 0 0.038789414 0.9992474 5.376726e-06
 21 26 1 0.0374824 0.9979164 0.052516837
 21 27 0 -0.009539469 0.99995446 9.0253246e-07
 21 27 1 -0.010685424 0.9986955 0.049930204
 21 28 0 -0.055465583 0.9984606 -3.5659345e-06
 21 28 1 -0.05652858 0.99727106 0.04748611
 21 29 0 -0.09905347 0.9950821 3.247573e-06
 21 29 1 -0.100046925 0.9939568 0.04517183
 21 30 0 -0.14041974 0.990092 6.3546836e-06
 21 30 1 -0.14126974 0.9890372 0.04299231
 21 31 0 -0.17958073 0.9837432 1.0303924e-05
 21 31 1 -0.18038224 0.98274446 0.04093371
 22 0 0 0.7863814 -0.6177412 -4.879331e-06
 22 0 1 0.78257984 -0.6162932 0.08804351
 22 1 0 0.83760804 -0.54627174 -7.52097e-06
 22 1 1 0.8335429 -0.54493725 0.0908282
 22 2 0 0.8837821 -0.46789864 -2.7831031e-06
 22 2 1 0.87946975 -0.466711 0.093347155
 22 3 0 0.92370296 -0.3831096 -2.9544235e-06
 22 3 1 0.9191644 -0.38211378 0.09552932
 22 4 0 0.9561996 -0.29271552 -6.896529e-07
 22 4 1 0.9514746 -0.29193547 0.09731274
 22 5 0 0.98024094 -0.19780715 4.040617e-06
 22 5 1 0.97537535 -0.19726534 0.098637655
 22 6 0 0.9950151 -0.09972472 7.385799e-06
 22 6 1 0.9900616 -0.09943981 0.09944802
 22 7 0 1 -1.4155256e-06 1.910244e-05
 22 7 1 0.9950157 -4.305631e-07 0.0997182
 22 8 0 0.99501514 0.09972433 1.109104e-05
 22 8 1 0.99006104 0.09944016 0.099452354
 22 9 0 0.9802403 0.19781053 5.4555326e-06
 22 9 1 0.975375 0.19726579 0.098639674
 22 10 0 0.9561975 0.2927223 -3.0396535e-07
 22 10 1 0.95147574 0.29193175 0.09731235
 22 11 0 0.923703 0.38310936 -3.1464758e-06
 22 11 1 0.9191662 0.38211006 0.09552718
 22 12 0 0.8837838 0.4678954 -2.7030133e-06
 22 12 1 0.8794691 0.4667135 0.09334171
 22 13 0 0.837609 0.5462702 2.1352362e-06
 22 13 1 0.833541 0.54494107 0.09082283
 22 14 0 0.78638023 0.6177427 1.2317266e-06
 22 14 1 0.78258276 0.6162897 0.08804196
 22 15 0 0.7313041 0.68205154 2.6820848e-07
 22 15 1 0.72777194 0.6805232 0.08506502
 22 16 0 0.6734791 0.73920625 -1.4068846e-06
 22 16 1 0.6702147 0.7376276 0.081961446
 22 17 0 0.61392975 0.7893607 -1.4826323e-06
 22 17 1 0.6109268 0.7877583 0.07877443
 22 18 0 0.5535249 0.83283263 -3.6730944e-06
 22 18 1 0.55076945 0.8312292 0.075571075
 22 19 0 0.49299794 0.87003046 9.219235e-06
 22 19 1 0.49050608 0.8684272 0.0723744
 22 20 0 0.43297502 0.901406 1.03066295e-05
 22 20 1 0.4306768 0.8998468 0.06923234
 22 21 0 0.37392437 0.92745924 5.3742033e-06
 22 21 1 0.37178564 0.9259586 0.06615283
 22 22 0 0.31624666 0.94867706 1.7497969e-06
 22 22 1 0.31430337 0.94721895 0.06316306
 22 23 0 0.26025242 0.96554065 9.3332e-06
 22 23 1 0.25846896 0.9641375 0.060272645
 22 24 0 0.20595568 0.97856134 1.9608877e-05
 22 24 1 0.20440279 0.97719854 0.057468478
 22 25 0 0.15374632 0.98811036 2.4275978e-05
 22 25 1 0.1522909 0.98681444 0.05481553
 22 26 0 0.10355822 0.99462336 5.6302365e-06
 22 26 1 0.102214195 0.99338716 0.052290235
 22 27 0 0.055365123 0.9984662 -1.0628314e-05
 22 27 1 0.05428181 0.997279 0.049880974
 22 28 0 0.009459757 0.9999553 -2.4189812e-05
 22 28 1 0.008417916 0.998832 0.04757872
 22 29 0 -0.034292288 0.9994119 1.881718e-05
 22 29 1 -0.035218403 0.9983478 0.04540013
 22 30 0 -0.07608984 0.99710095 3.3556553e-05
 22 30 1 -0.07699094 0.9960907 0.043309443
 22 31 0 -0.11579595 0.99327296 5.106721e-05
 22 31 1 -0.116592094 0.99232036 0.04131134
 23 0 0 0.8093405 -0.58733976 3.3848505e-07
 23 0 1 0.8058917 -0.5861127 0.083728835
 23 1 0 0.8555848 -0.5176627 4.695752e-08
 23 1 1 0.8519305 -0.51653016 0.08608746
 23 2 0 0.8969925 -0.44204566 1.091455e-06
 23 2 1 0.8931381 -0.4410479 0.088209696
 23 3 0 0.93256885 -0.36099207 1.1571819e-06
 23 3 1 0.9285393 -0.36015043 0.090036154
 23 4 0 0.9613788 -0.27522844 1.4074195e-06
 23 4 1 0.9572008 -0.27457255 0.091523886
 23 5 0 0.9826074 -0.18569532 1.2634767e-06
 23 5 1 0.97831696 -0.185248 0.09262388
 23 6 0 0.9956174 -0.093520746 2.2383641e-07
 23 6 1 0.9912572 -0.09329792 0.09329888
 23 7 0 1 -5.28004e-07 7.522185e-07
 23 7 1 0.9956157 1.0647504e-06 0.09353789
 23 8 0 0.9956172 0.0935227 1.0896243e-06
 23 8 1 0.99125654 0.09330196 0.09330139
 23 9 0 0.98260814 0.1856912 1.0180723e-06
 23 9 1 0.97831714 0.1852472 0.092623636
 23 10 0 0.96137923 0.27522728 1.1005599e-06
 23 10 1 0.9572006 0.27457258 0.091525786
 23 11 0 0.93256754 0.36099568 2.7680287e-07
 23 11 1 0.92853636 0.3601568 0.09003995
 23 12 0 0.89699507 0.44204047 8.250481e-07
 23 12 1 0.89313763 0.4410489 0.08821046
 23 13 0 0.8555976 0.5176415 -4.0923314e-07
 23 13 1 0.8519309 0.5165294 0.0860879
 23 14 0 0.8093528 0.58732283 -1.3940651e-06
 23 14 1 0.8058985 0.58610344 0.08372754
 23 15 0 0.75925636 0.65079165 -5.857264e-07
 23 15 1 0.75603896 0.6494724 0.08118314
 23 16 0 0.70628345 0.70792913 -1.0191992e-06
 23 16 1 0.7032894 0.70655555 0.078506105
 23 17 0 0.65131193 0.75881016 2.0439633e-07
 23 17 1 0.6485327 0.7574091 0.07574214
 23 18 0 0.5951086 0.8036453 1.7919974e-06
 23 18 1 0.59252304 0.80224526 0.07293165
 23 19 0 0.5384049 0.8426863 2.0663983e-07
 23 19 1 0.5360078 0.84129685 0.07010765
 23 20 0 0.48169506 0.8763389 -1.8861172e-07
 23 20 1 0.47946075 0.8749785 0.06730513
 23 21 0 0.42555237 0.90493387 1.5017389e-07
 23 21 1 0.4235136 0.90358776 0.064539835
 23 22 0 0.37025458 0.92893034 2.6539142e-06
 23 22 1 0.36844334 0.927591 0.061841637
 23 23 0 0.31620342 0.9486914 1.5562083e-06
 23 23 1 0.31458756 0.94737995 0.05921119
 23 24 0 0.2636531 0.9646176 -1.4437527e-06
 23 24 1 0.2620411 0.96339136 0.056670442
 23 25 0 0.21261102 0.97713697 9.874147e-09
 23 25 1 0.21121377 0.97593486 0.05422067
 23 26 0 0.16334587 0.98656887 1.3057953e-06
 23 26 1 0.16199964 0.98542666 0.05186947
 23 27 0 0.11612719 0.99323434 1.1323536e-06
 23 27 1 0.11463623 0.99216783 0.049614977
 23 28 0 0.070241556 0.99753 1.3174729e-06
 23 28 1 0.069134474 0.9964783 0.047449224
 23 29 0 0.02651809 0.99964833 -1.2559013e-06
 23 29 1 0.025588674 0.9986417 0.045386177
 23 30 0 -0.015378573 0.9998818 4.5056552e-07
 23 30 1 -0.016248519 0.9989246 0.04342362
 23 31 0 -0.055732008 0.9984457 -3.1600703e-06
 23 31 1 -0.056442443 0.9975407 0.041554704
 24 0 0 0.828901 -0.5593953 -1.2912474e-06
 24 0 1 0.8257638 -0.55834806 0.07975934
 24 1 0 0.87080127 -0.49163523 3.281934e-07
 24 1 1 0.86749405 -0.49067983 0.08177704
 24 2 0 0.9081011 -0.4187511 -6.5551626e-07
 24 2 1 0.90463656 -0.41790873 0.0835763
 24 3 0 0.93998754 -0.34120867 -3.0545114e-06
 24 3 1 0.93637973 -0.34050906 0.085126385
 24 4 0 0.9656987 -0.25966528 -4.0260275e-06
 24 4 1 0.96197486 -0.25912172 0.08637285
 24 5 0 0.9845754 -0.17496072 -6.470469e-06
 24 5 1 0.9807651 -0.17458557 0.08729119
 24 6 0 0.99611664 -0.088043354 -9.911193e-06
 24 6 1 0.9922508 -0.08786437 0.08785394
 24 7 0 1 4.273352e-06 -2.190291e-05
 24 7 1 0.99611765 5.1118554e-06 0.08803266
 24 8 0 0.9961169 0.0880409 -8.717289e-06
 24 8 1 0.99225163 0.087860815 0.08784765
 24 9 0 0.98457664 0.17495355 -2.3780922e-06
 24 9 1 0.98076624 0.17458242 0.08728487
 24 10 0 0.965698 0.2596678 -4.045853e-06
 24 10 1 0.9619738 0.25912744 0.08636807
 24 11 0 0.9399872 0.34120965 -5.414231e-06
 24 11 1 0.9363813 0.3405065 0.085120365
 24 12 0 0.90810055 0.41875216 9.802551e-07
 24 12 1 0.9046357 0.4179102 0.0835782
 24 13 0 0.870802 0.49163398 1.0623053e-06
 24 13 1 0.86749476 0.49067876 0.081775755
 24 14 0 0.82890254 0.5593931 1.4610337e-06
 24 14 1 0.8257674 0.55834174 0.07976665
 24 15 0 0.78323764 0.6217224 -3.7737889e-06
 24 15 1 0.7802786 0.6206018 0.07758041
 24 16 0 0.7346254 0.6784729 2.0180594e-06
 24 16 1 0.7318635 0.67728376 0.07524995
 24 17 0 0.6838409 0.7296312 1.31058505e-05
 24 17 1 0.6812609 0.7284079 0.07283808
 24 18 0 0.6315744 0.77531534 6.4520705e-06
 24 18 1 0.6291843 0.7740636 0.0703744
 24 19 0 0.5784557 0.8157137 -1.0584554e-05
 24 19 1 0.576248 0.81445146 0.06787535
 24 20 0 0.52502394 0.85108745 -9.001839e-06
 24 20 1 0.52297425 0.8498379 0.06537173
 24 21 0 0.47173315 0.8817414 -1.026663e-05
 24 21 1 0.46984127 0.88050854 0.062880516
 24 22 0 0.41896412 0.90800285 -8.671856e-06
 24 22 1 0.4172316 0.9067872 0.060453836
 24 23 0 0.36706778 0.9301942 -2.3808383e-05
 24 23 1 0.36545417 0.9290159 0.05807509
 24 24 0 0.31619805 0.9486932 -1.2827584e-05
 24 24 1 0.3147161 0.9475467 0.05575823
 24 25 0 0.2666605 0.96379054 -7.169855e-06
 24 25 1 0.26529422 0.9626813 0.05351367
 24 26 0 0.21853305 0.97582954 -1.03988505e-05
 24 26 1 0.21725005 0.97476596 0.051319916
 24 27 0 0.17181744 0.9851288 -1.2878247e-06
 24 27 1 0.17070751 0.98409325 0.04918767
 24 28 0 0.12684062 0.99192315 -3.6171807e-06
 24 28 1 0.12585874 0.9909262 0.04716931
 24 29 0 0.08346872 0.9965104 -1.2588585e-05
 24 29 1 0.08260287 0.9955558 0.04522465
 24 30 0 0.04171296 0.99912965 -1.5635413e-05
 24 30 1 0.04088154 0.9982208 0.04340426
 24 31 0 0.0016861062 0.99999857 -2.9337243e-05
 24 31 1 0.0008956119 0.9991311 0.041668415
 25 0 0 0.8456852 -0.5336821 -2.9048465e-06
 25 0 1 0.84283537 -0.5327626 0.07610944
 25 1 0 0.8837842 -0.4678947 -9.713777e-07
 25 1 1 0.8807924 -0.4670602 0.07784283
 25 2 0 0.9175354 -0.39765388 -1.13850874e-07
 25 2 1 0.91441053 -0.39692727 0.07938605
 25 3 0 0.94625974 -0.3234077 1.9950314e-06
 25 3 1 0.94301826 -0.3228054 0.080704406
 25 4 0 0.9693338 -0.24574763 3.3436474e-06
 25 4 1 0.965997 -0.24528438 0.08176399
 25 5 0 0.98622775 -0.16539294 1.3714183e-06
 25 5 1 0.9828203 -0.16507943 0.082541674
 25 6 0 0.9965354 -0.08316892 -3.3352203e-06
 25 6 1 0.99308455 -0.083015315 0.08301482
 25 7 0 1 1.6431751e-06 -9.64945e-06
 25 7 1 0.9965352 -7.636433e-07 0.08317213
 25 8 0 0.99653536 0.08317035 -7.1089726e-06
 25 8 1 0.99308467 0.08301592 0.08301293
 25 9 0 0.986228 0.16539131 -4.2816846e-06
 25 9 1 0.9828206 0.16507873 0.08253975
 25 10 0 0.96933395 0.24574722 -2.9629443e-06
 25 10 1 0.9659965 0.24528657 0.081763454
 25 11 0 0.9462576 0.32341376 -2.8869201e-06
 25 11 1 0.94301486 0.3228152 0.08070473
 25 12 0 0.9175349 0.3976552 -3.4952093e-06
 25 12 1 0.91440755 0.396934 0.07938685
 25 13 0 0.8837873 0.4678889 -2.3190075e-06
 25 13 1 0.8807872 0.4670698 0.077844
 25 14 0 0.84568876 0.53367645 -3.2823937e-06
 25 14 1 0.8428318 0.5327682 0.07611004
 25 15 0 0.8039439 0.59470516 -5.2613746e-06
 25 15 1 0.8012376 0.593726 0.0742151
 25 16 0 0.7592543 0.6507941 -3.5440598e-06
 25 16 1 0.7566964 0.64976823 0.07219347
 25 17 0 0.71227926 0.7018962 -2.7673746e-06
 25 17 1 0.70988095 0.7008267 0.07007845
 25 18 0 0.6636355 0.74805605 -7.1468145e-07
 25 18 1 0.66140205 0.7469515 0.06790175
 25 19 0 0.613928 0.789362 -4.5087074e-07
 25 19 1 0.61185175 0.78824025 0.06568618
 25 20 0 0.56361526 0.8260374 -3.8625765e-07
 25 20 1 0.56168604 0.8249137 0.06345245
 25 21 0 0.5131517 0.85829794 4.3230993e-06
 25 21 1 0.5113535 0.85718644 0.061228722
 25 22 0 0.46288913 0.88641614 5.4464413e-06
 25 22 1 0.46123347 0.8853132 0.059026264
 25 23 0 0.4131689 0.9106544 9.321518e-06
 25 23 1 0.4115968 0.9095906 0.056860063
 25 24 0 0.36417538 0.9313304 8.700513e-06
 25 24 1 0.36276805 0.9302709 0.05472946
 25 25 0 0.31620204 0.9486919 5.484065e-07
 25 25 1 0.3149204 0.94765633 0.052654896
 25 26 0 0.26937607 0.9630351 -1.8997736e-06
 25 26 1 0.2681716 0.96203953 0.0506355
 25 27 0 0.2238704 0.97461885 5.228597e-06
 25 27 1 0.22269495 0.97367203 0.04867934
 25 28 0 0.17959172 0.9837412 4.2515794e-06
 25 28 1 0.17853028 0.9828206 0.046804905
 25 29 0 0.13672265 0.99060935 4.247547e-07
 25 29 1 0.13577092 0.9897179 0.044998053
 25 30 0 0.09538792 0.9954401 -2.0834288e-05
 25 30 1 0.09446125 0.9945888 0.043246903
 25 31 0 0.055512372 0.99845797 -3.1175226e-05
 25 31 1 0.05463617 0.9976405 0.04157191
 26 0 0 0.8601771 -0.5099954 -1.3685014e-06
 26 0 1 0.8575776 -0.5091847 0.07274269
 26 1 0 0.8949439 -0.4461788 1.977807e-06
 26 1 1 0.8922158 -0.44546515 0.074241295
 26 2 0 0.92560977 -0.37847942 2.1168617e-06
 26 2 1 0.9227721 -0.377864 0.07556767
 26 3 0 0.95160687 -0.30731794 4.3099185e-06
 26 3 1 0.94867504 -0.30681038 0.076701015
 26 4 0 0.9724225 -0.23322631 3.2356131e-06
 26 4 1 0.9694153 -0.23283127 0.07761138
 26 5 0 0.98762774 -0.15681662 -1.0798725e-06
 26 5 1 0.984564 -0.15654683 0.07827413
 26 6 0 0.99688995 -0.07880582 -1.4001687e-06
 26 6 1 0.9937907 -0.07867881 0.07867464
 26 7 0 1 7.9894124e-07 -4.722248e-06
 26 7 1 0.99688977 -1.3029627e-06 0.078809164
 26 8 0 0.99688995 0.07880652 1.9335958e-07
 26 8 1 0.9937905 0.07867798 0.07867734
 26 9 0 0.9876289 0.15680924 2.759659e-06
 26 9 1 0.98456365 0.15654765 0.07827631
 26 10 0 0.972423 0.23322402 4.3263394e-06
 26 10 1 0.96941555 0.23283039 0.07761164
 26 11 0 0.9516051 0.30732358 2.338108e-06
 26 11 1 0.9486749 0.30681083 0.07670149
 26 12 0 0.9256058 0.3784891 2.5883523e-06
 26 12 1 0.9227698 0.377869 0.07557123
 26 13 0 0.8949443 0.4461778 2.3611426e-06
 26 13 1 0.8922173 0.44546214 0.07424104
 26 14 0 0.86018187 0.5099873 -2.1101234e-06
 26 14 1 0.85757434 0.5091909 0.07273832
 26 15 0 0.8219108 0.5696162 -3.3412077e-06
 26 15 1 0.81943965 0.5687399 0.07108875
 26 16 0 0.78073823 0.62485826 -1.2746119e-06
 26 16 1 0.7783927 0.62393814 0.06932534
 26 17 0 0.7372566 0.67561287 4.7565272e-06
 26 17 1 0.73502773 0.6746726 0.067461886
 26 18 0 0.6919808 0.7219159 6.159846e-07
 26 18 1 0.6898925 0.7209386 0.06554283
 26 19 0 0.6454361 0.76381433 -7.2728944e-06
 26 19 1 0.6434786 0.76281893 0.063581765
 26 20 0 0.59808403 0.8014334 -6.5066884e-06
 26 20 1 0.5962483 0.8004351 0.06157622
 26 21 0 0.5503482 0.8349352 -1.5706315e-06
 26 21 1 0.5486226 0.8339453 0.059569318
 26 22 0 0.50255096 0.86454755 -5.4271272e-06
 26 22 1 0.50094336 0.8635631 0.057571094
 26 23 0 0.45500362 0.8904896 -7.317515e-06
 26 23 1 0.45353013 0.88950515 0.055596903
 26 24 0 0.4079449 0.9130065 1.0546761e-06
 26 24 1 0.40659007 0.9120342 0.053648755
 26 25 0 0.36163566 0.9323195 1.6376967e-08
 26 25 1 0.36037558 0.9313713 0.051740393
 26 26 0 0.3162409 0.9486789 8.788921e-07
 26 26 1 0.31504518 0.9477653 0.049874913
 26 27 0 0.2718119 0.96235037 7.0746573e-06
 26 27 1 0.27074826 0.96145076 0.048040017
 26 28 0 0.22853461 0.9735358 7.1129843e-06
 26 28 1 0.22750506 0.9726766 0.04627926
 26 29 0 0.18644221 0.98246586 1.0300051e-05
 26 29 1 0.1855238 0.98162687 0.04460513
 26 30 0 0.1456606 0.98933464 4.5667875e-06
 26 30 1 0.14475149 0.9885351 0.04295774
 26 31 0 0.106135875 0.9943516 -4.4065246e-06
 26 31 1 0.10531382 0.9935786 0.041360103
 27 0 0 0.87277347 -0.4881254 2.261546e-07
 27 0 1 0.87038714 -0.48741874 0.069636054
 27 1 0 0.9046016 -0.42625797 9.3488654e-07
 27 1 1 0.90210617 -0.4256421 0.070945285
 27 2 0 0.9325658 -0.36099997 2.1775631e-06
 27 2 1 0.92998147 -0.36046726 0.072095394
 27 3 0 0.95619804 -0.2927206 -2.0589014e-06
 27 3 1 0.9535348 -0.2922878 0.07307092
 27 4 0 0.9750722 -0.22188765 -4.3634013e-06
 27 4 1 0.9723472 -0.2215561 0.07384901
 27 5 0 0.9888267 -0.14906946 -4.8778384e-06
 27 5 1 0.98605615 -0.14884508 0.07442055
 27 6 0 0.9971921 -0.07488585 -4.1532703e-06
 27 6 1 0.994394 -0.07476965 0.07476646
 27 7 0 1 -6.5852595e-07 -2.2414586e-06
 27 7 1 0.99719244 -1.4111204e-06 0.07488147
 27 8 0 0.99719226 0.07488422 -3.4528175e-06
 27 8 1 0.9943947 0.074762926 0.07476386
 27 9 0 0.9888266 0.1490706 -3.2085247e-06
 27 9 1 0.98605734 0.14883824 0.074418925
 27 10 0 0.9750723 0.22188726 -3.3659776e-06
 27 10 1 0.972349 0.22154942 0.07384648
 27 11 0 0.9562018 0.29270846 -4.207055e-06
 27 11 1 0.9535378 0.29227874 0.073067196
 27 12 0 0.93256944 0.36099067 -1.4277724e-06
 27 12 1 0.9299871 0.360454 0.072089426
 27 13 0 0.9045972 0.4262674 -1.8071486e-06
 27 13 1 0.90211606 0.42562246 0.07093799
 27 14 0 0.87277573 0.48812154 -2.3754897e-07
 27 14 1 0.87039655 0.48740256 0.06963194
 27 15 0 0.83760136 0.54628205 -4.1855492e-07
 27 15 1 0.8353168 0.545523 0.06819525
 27 16 0 0.7995924 0.6005431 -1.3775723e-06
 27 16 1 0.79740816 0.5997492 0.06664216
 27 17 0 0.75924295 0.6508073 3.833637e-07
 27 17 1 0.7571767 0.6499681 0.06500009
 27 18 0 0.7170495 0.69702226 -1.0116629e-06
 27 18 1 0.71511394 0.6961372 0.0632862
 27 19 0 0.67349386 0.73919284 -3.1286602e-06
 27 19 1 0.6716432 0.73831564 0.061525196
 27 20 0 0.62892085 0.7774694 1.7400221e-06
 27 20 1 0.6272057 0.77655923 0.05973832
 27 21 0 0.5837533 0.8119311 -2.6717024e-07
 27 21 1 0.58218145 0.8109926 0.057929076
 27 22 0 0.5383858 0.8426985 -3.393183e-06
 27 22 1 0.53686255 0.8418012 0.056118585
 27 23 0 0.49301165 0.87002265 -6.3944976e-06
 27 23 1 0.4916246 0.86911136 0.054320738
 27 24 0 0.44788113 0.8940931 -3.2635053e-06
 27 24 1 0.44661844 0.8931804 0.052543826
 27 25 0 0.40329018 0.91507214 -4.4325725e-06
 27 25 1 0.40202934 0.914217 0.050791074
 27 26 0 0.35937175 0.9331945 -1.303904e-06
 27 26 1 0.3582332 0.93234193 0.049066685
 27 27 0 0.31627595 0.9486672 -3.132526e-06
 27 27 1 0.31520987 0.9478383 0.047384743
 27 28 0 0.27394673 0.9617448 -5.1929796e-06
 27 28 1 0.2730195 0.96091974 0.045757186
 27 29 0 0.23285855 0.97251064 -6.336714e-06
 27 29 1 0.2318297 0.97175294 0.044171818
 27 30 0 0.19270456 0.9812568 6.5466827e-07
 27 30 1 0.19181259 0.98050517 0.042631995
 27 31 0 0.15385811 0.98809296 -3.3594843e-06
 27 31 1 0.15298598 0.9873718 0.04113644
 28 0 0 0.88378465 -0.46789387 -5.647427e-06
 28 0 1 0.88158214 -0.4672862 0.066758014
 28 1 0 0.91300267 -0.40795356 2.6150785e-06
 28 1 1 0.91071767 -0.40740892 0.067906074
 28 2 0 0.93860537 -0.34499282 3.313553e-08
 28 2 1 0.9362437 -0.34452716 0.06891073
 28 3 0 0.96017647 -0.27939412 -5.720031e-06
 28 3 1 0.9577504 -0.27901405 0.069751054
 28 4 0 0.97735906 -0.21158755 -8.562438e-06
 28 4 1 0.9748824 -0.21129231 0.07042586
 28 5 0 0.98986006 -0.14204621 -4.0758023e-06
 28 5 1 0.987345 -0.1418477 0.07091741
 28 6 0 0.997453 -0.07132692 -4.5851743e-06
 28 6 1 0.9949148 -0.071222186 0.07121753
 28 7 0 1 -3.3093235e-07 3.584655e-06
 28 7 1 0.99745303 1.2862522e-06 0.07132558
 28 8 0 0.9974525 0.07133389 1.820223e-06
 28 8 1 0.99491405 0.071224876 0.071226455
 28 9 0 0.9898594 0.1420505 3.8613357e-06
 28 9 1 0.98734444 0.14184779 0.07092366
 28 10 0 0.9773599 0.21158355 -1.3028897e-06
 28 10 1 0.97488284 0.21128899 0.07042965
 28 11 0 0.9601764 0.27939466 1.8284682e-06
 28 11 1 0.9577507 0.27901188 0.06975714
 28 12 0 0.93860465 0.34499457 5.026719e-07
 28 12 1 0.9362434 0.34452772 0.068912715
 28 13 0 0.9130126 0.4079312 -3.607734e-06
 28 13 1 0.9107195 0.40740433 0.06790926
 28 14 0 0.8837875 0.4678884 -8.8769775e-06
 28 14 1 0.88158566 0.46727985 0.06675485
 28 15 0 0.8513691 0.52456707 -6.4282012e-06
 28 15 1 0.8492553 0.52390504 0.06549058
 28 16 0 0.81619316 0.5777792 -3.2969656e-06
 28 16 1 0.81417364 0.5770692 0.064127736
 28 17 0 0.77872187 0.6273693 -6.3656616e-06
 28 17 1 0.7768025 0.62661767 0.06267492
 28 18 0 0.7393607 0.6733096 -9.111845e-06
 28 18 1 0.73753494 0.67253613 0.06113462
 28 19 0 0.69853026 0.7155806 -9.075356e-06
 28 19 1 0.6968094 0.71478003 0.059550256
 28 20 0 0.65659934 0.75423956 -3.0524466e-06
 28 20 1 0.6549824 0.75341815 0.057958633
 28 21 0 0.61393654 0.78935546 -6.194196e-06
 28 21 1 0.61238647 0.7885492 0.05632971
 28 22 0 0.57083404 0.8210654 -8.584813e-06
 28 22 1 0.56938815 0.8202489 0.05467039
 28 23 0 0.5275827 0.8495037 -5.638207e-06
 28 23 1 0.52621686 0.8486951 0.053032327
 28 24 0 0.48440486 0.87484396 -7.8034475e-07
 28 24 1 0.48312345 0.87404126 0.051416647
 28 25 0 0.44148585 0.8972682 -1.0835397e-05
 28 25 1 0.4403467 0.8964443 0.049823005
 28 26 0 0.39911535 0.9169007 -8.7629305e-06
 28 26 1 0.39802834 0.9161043 0.04823135
 28 27 0 0.35728598 0.933995 -1.0361024e-05
 28 27 1 0.35622907 0.9332318 0.046682835
 28 28 0 0.31620526 0.94869083 1.1681137e-06
 28 28 1 0.31519908 0.947951 0.04514873
 28 29 0 0.27602127 0.96115154 9.198546e-06
 28 29 1 0.2751374 0.9604131 0.043657534
 28 30 0 0.23665546 0.9715936 2.9522935e-06
 28 30 1 0.2358305 0.9708765 0.042221755
 28 31 0 0.19842009 0.980117 2.0640593e-06
 28 31 1 0.19756949 0.9794391 0.04081032
 29 0 0 0.89344704 -0.44916847 2.5357083e-06
 29 0 1 0.89141834 -0.44862664 0.06408931
 29 1 0 0.92036307 -0.39106494 5.4004136e-07
 29 1 1 0.91826165 -0.39058676 0.0650967
 29 2 0 0.94387025 -0.33031648 -3.8958788e-06
 29 2 1 0.9417052 -0.329906 0.06598026
 29 3 0 0.96363187 -0.2672334 -1.3192029e-06
 29 3 1 0.9614133 -0.2668935 0.06672541
 29 4 0 0.9793428 -0.20220686 -2.0508194e-06
 29 4 1 0.97707987 -0.20194721 0.06732204
 29 5 0 0.9907541 -0.1356694 -2.1976005e-06
 29 5 1 0.98845845 -0.13549699 0.06775272
 29 6 0 0.9976784 -0.06810176 -8.668169e-06
 29 6 1 0.9953632 -0.06801724 0.06801258
 29 7 0 1 1.7057853e-06 -1.4578899e-05
 29 7 1 0.99767816 -4.156323e-07 0.06810504
 29 8 0 0.9976783 0.068102926 -6.4096384e-06
 29 8 1 0.9953631 0.068016015 0.06801534
 29 9 0 0.9907543 0.13566859 -8.934089e-07
 29 9 1 0.98845905 0.1354966 0.06774466
 29 10 0 0.9793439 0.20220186 -3.7148862e-07
 29 10 1 0.97708076 0.20194605 0.0673121
 29 11 0 0.96363175 0.26723352 2.8731604e-06
 29 11 1 0.96141195 0.26689887 0.066723675
 29 12 0 0.94387233 0.33031052 5.3282474e-06
 29 12 1 0.94170344 0.32991078 0.06598176
 29 13 0 0.92036825 0.39105275 7.952881e-06
 29 13 1 0.918263 0.39058328 0.065098196
 29 14 0 0.8934545 0.44915378 4.604387e-06
 29 14 1 0.89142114 0.44862133 0.064088024
 29 15 0 0.8635092 0.50433314 3.9990773e-06
 29 15 1 0.8615533 0.5037469 0.06296663
 29 16 0 0.83090854 0.556409 3.2503863e-06
 29 16 1 0.829026 0.55578935 0.061758395
 29 17 0 0.79601556 0.60527617 -3.7175346e-06
 29 17 1 0.79422814 0.60460365 0.060466763
 29 18 0 0.75924176 0.65080863 -5.612e-06
 29 18 1 0.7575438 0.65010303 0.059105504
 29 19 0 0.720973 0.6929631 -3.4636969e-06
 29 19 1 0.71933514 0.6922636 0.057689905
 29 20 0 0.6814896 0.73182786 1.5217812e-06
 29 20 1 0.679954 0.73109466 0.05624294
 29 21 0 0.6411579 0.7674089 3.2588152e-06
 29 21 1 0.639729 0.76664656 0.054771136
 29 22 0 0.6002657 0.7998007 4.1636787e-07
 29 22 1 0.5989153 0.7990381 0.053278737
 29 23 0 0.5590146 0.8291578 1.401319e-06
 29 23 1 0.55774474 0.82839614 0.051774777
 29 24 0 0.5177319 0.8555429 3.0458873e-06
 29 24 1 0.5165056 0.8548063 0.05028036
 29 25 0 0.47656068 0.8791415 8.497548e-06
 29 25 1 0.47541797 0.8784056 0.048799977
 29 26 0 0.4356817 0.90010077 1.8248032e-06
 29 26 1 0.43464968 0.8993546 0.04734005
 29 27 0 0.39530754 0.9185488 -3.7753616e-06
 29 27 1 0.3943472 0.917815 0.045889247
 29 28 0 0.35542834 0.93470347 -3.8441594e-06
 29 28 1 0.3544855 0.9340036 0.044467863
 29 29 0 0.3162001 0.94869256 -2.97798e-06
 29 29 1 0.31537792 0.94798756 0.043086566
 29 30 0 0.2778548 0.9606231 7.4814494e-07
 29 30 1 0.2769871 0.95996624 0.0417492
 29 31 0 0.24014416 0.9707372 4.0574178e-06
 29 31 1 0.23934676 0.9700919 0.040433977
 30 0 0 0.9019922 -0.4317523 -4.90624e-06
 30 0 1 0.90010154 -0.4313009 0.061617367
 30 1 0 0.9268438 -0.3754472 -9.856914e-06
 30 1 1 0.92489606 -0.37504467 0.06252026
 30 2 0 0.94849724 -0.31678548 7.627344e-06
 30 2 1 0.9465034 -0.31642622 0.06329117
 30 3 0 0.96666425 -0.25604746 9.595709e-06
 30 3 1 0.9646256 -0.2557494 0.06395178
 30 4 0 0.981087 -0.19356693 8.659986e-06
 30 4 1 0.9790091 -0.19335371 0.06446241
 30 5 0 0.99154794 -0.1297411 8.5210495e-06
 30 5 1 0.98944557 -0.12960136 0.06481473
 30 6 0 0.9979052 -0.06469361 4.6587407e-05
 30 6 1 0.99578214 -0.064840026 0.06491351
 30 7 0 1 -3.2775442e-06 9.424322e-05
 30 7 1 0.9979057 5.627882e-06 0.06468645
 30 8 0 0.99790543 0.06468939 2.4697927e-05
 30 8 1 0.99578136 0.064853966 0.06491037
 30 9 0 0.99154806 0.12973994 2.978455e-07
 30 9 1 0.9894456 0.12960109 0.06481407
 30 10 0 0.9810831 0.19358729 7.6938895e-06
 30 10 1 0.9790075 0.19335996 0.064468436
 30 11 0 0.96666557 0.25604224 7.3488704e-06
 30 11 1 0.9646273 0.2557429 0.06395097
 30 12 0 0.94850105 0.31677422 2.7432077e-06
 30 12 1 0.94651026 0.31640553 0.06329138
 30 13 0 0.92683756 0.37546247 1.5748539e-06
 30 13 1 0.9248962 0.3750463 0.06250864
 30 14 0 0.901981 0.4317758 3.0353426e-06
 30 14 1 0.9000964 0.43131247 0.0616109
 30 15 0 0.87422186 0.48552665 6.008064e-07
 30 15 1 0.8724103 0.48499954 0.060628183
 30 16 0 0.8439418 0.5364347 -3.984973e-06
 30 16 1 0.84220415 0.5358616 0.05953591
 30 17 0 0.8114441 0.58443016 -7.126796e-06
 30 17 1 0.8097874 0.58381265 0.058371015
 30 18 0 0.7770597 0.6294269 -6.161367e-07
 30 18 1 0.7754528 0.6288144 0.057144515
 30 19 0 0.7411233 0.671369 2.577086e-06
 30 19 1 0.7395974 0.6707269 0.05586798
 30 20 0 0.7039375 0.71026194 5.0171238e-08
 30 20 1 0.70248276 0.7096054 0.05457161
 30 21 0 0.6658116 0.7461199 -3.5237013e-06
 30 21 1 0.6644121 0.74546784 0.053237487
 30 22 0 0.6269954 0.779023 -1.0003224e-05
 30 22 1 0.6256661 0.7783635 0.051886674
 30 23 0 0.5876647 0.8091045 -8.465566e-06
 30 23 1 0.5864499 0.8084077 0.05053061
 30 24 0 0.54821384 0.8363382 1.1288692e-05
 30 24 1 0.547066 0.83564395 0.049172595
 30 25 0 0.5087305 0.86092585 1.181043e-05
 30 25 1 0.5076799 0.8602195 0.04778664
 30 26 0 0.46944875 0.8829597 -9.250325e-06
 30 26 1 0.46831793 0.88233894 0.046435367
 30 27 0 0.43045157 0.9026137 -2.0180716e-05
 30 27 1 0.4293059 0.90203226 0.045102697
 30 28 0 0.39180622 0.92004776 -4.1433905e-06
 30 28 1 0.39083773 0.9194173 0.043791104
 30 29 0 0.35371408 0.93535364 -2.2718656e-05
 30 29 1 0.352831 0.93472105 0.042506486
 30 30 0 0.31624675 0.948677 -3.5598194e-05
 30 30 1 0.31547558 0.9480364 0.04125866
 30 31 0 0.27937353 0.9601825 -5.592695e-05
 30 31 1 0.27873233 0.9595348 0.0400161
 31 0 0 0.9095491 -0.41559628 -3.60903e-06
 31 0 1 0.9078119 -0.41516286 0.059307627
 31 1 0 0.9325734 -0.3609805 -4.1448634e-06
 31 1 1 0.93078166 -0.36060202 0.06009728
 31 2 0 0.9525857 -0.3042705 -3.129885e-06
 31 2 1 0.9507451 -0.30395436 0.060790326
 31 3 0 0.969339 -0.2457272 -1.6194451e-07
 31 3 1 0.9674554 -0.24548621 0.061372347
 31 4 0 0.98260856 -0.1856888 2.0314788e-07
 31 4 1 0.98069805 -0.18549566 0.061827175
 31 5 0 0.99222344 -0.124469206 -4.0159824e-07
 31 5 1 0.9902922 -0.12433008 0.062156044
 31 6 0 0.9980477 -0.06245672 -1.145963e-06
 31 6 1 0.9961018 -0.06237473 0.0623743
 31 7 0 1 8.125508e-07 -8.131285e-07
 31 7 1 0.9980463 2.9482724e-06 0.06247929
 31 8 0 0.998048 0.062451884 -5.344296e-07
 31 8 1 0.99610144 0.0623838 0.062370114
 31 9 0 0.9922229 0.12447375 1.078524e-06
 31 9 1 0.99029046 0.124340095 0.062163983
 31 10 0 0.9826073 0.18569574 2.0259097e-06
 31 10 1 0.9806995 0.18548834 0.061827596
 31 11 0 0.96933526 0.245742 1.7713238e-06
 31 11 1 0.9674552 0.24548753 0.06137033
 31 12 0 0.95258015 0.30428773 -2.1443088e-06
 31 12 1 0.9507439 0.30395752 0.060792737
 31 13 0 0.93255776 0.36102092 -2.1546884e-06
 31 13 1 0.93077403 0.3606203 0.060106218
 31 14 0 0.9095383 0.4156201 -3.302785e-06
 31 14 1 0.9078085 0.4151697 0.05931133
 31 15 0 0.8837939 0.46787637 -1.3575276e-07
 31 15 1 0.8820934 0.46743628 0.05843395
 31 16 0 0.8555793 0.51767176 4.980595e-07
 31 16 1 0.85396105 0.51715446 0.05746147
 31 17 0 0.8252053 0.56483287 -2.1972642e-06
 31 17 1 0.82368535 0.56423306 0.05642294
 31 18 0 0.7930087 0.60921043 -6.14592e-06
 31 18 1 0.7915132 0.6086421 0.05533226
 31 19 0 0.75923187 0.6508202 -2.6973269e-06
 31 19 1 0.75772965 0.6503142 0.054196656
 31 20 0 0.72419894 0.6895911 -3.7328124e-07
 31 20 1 0.7228216 0.68899906 0.05300182
 31 21 0 0.68808365 0.72563136 3.6497278e-07
 31 21 1 0.68684673 0.7249554 0.051781103
 31 22 0 0.65130895 0.7588126 2.8341913e-06
 31 22 1 0.6501211 0.75814795 0.050539687
 31 23 0 0.61397976 0.7893217 2.8745526e-06
 31 23 1 0.612881 0.78863657 0.049288046
 31 24 0 0.5761835 0.81732035 -7.1212435e-07
 31 24 1 0.5750947 0.81667554 0.04803301
 31 25 0 0.5384125 0.8426814 4.9882685e-09
 31 25 1 0.53731436 0.842084 0.046773262
 31 26 0 0.50054485 0.8657107 3.4348654e-06
 31 26 1 0.49944544 0.86514837 0.045525454
 31 27 0 0.4625857 0.8865746 -3.3608508e-06
 31 27 1 0.46197435 0.885787 0.044285554
 31 28 0 0.42541525 0.90499824 -1.4817439e-06
 31 28 1 0.42460278 0.9043556 0.04305245
 31 29 0 0.38881066 0.9213177 -2.2970648e-06
 31 29 1 0.3877871 0.920799 0.041837953
 31 30 0 0.35205588 0.935979 -5.185719e-06
 31 30 1 0.3512699 0.9353914 0.04064992
 31 31 0 0.31617856 0.9486997 -5.7314405e-06
 31 31 1 0.31541088 0.9481324 0.039508693
