# amumagVersion: 1
# dimension: 2
# size[0]: -1
# size[1]: 4
# doublePrecission: false
# binaryFormat: false
# name: hExt_average
# unit: T
# firstColumn: time(s)
# vectorData: false
# data
0.0	0.01850639	0.0	0.0	
2.1011237E-12	0.02	0.0	0.0	
4.5325453E-12	0.02	0.0	0.0	
7.0027096E-12	0.02	0.0	0.0	
9.4788725E-12	0.02	0.0	0.0	
1.1938577E-11	0.0	0.0	0.0	
1.4369918E-11	0.0	0.0	0.0	
1.6765669E-11	0.0	0.0	0.0	
1.9138155E-11	0.0	0.0	0.0	
2.149391E-11	0.0	0.0	0.0	
2.38337E-11	0.0	0.0	0.0	
2.6154993E-11	0.0	0.0	0.0	
2.8454381E-11	0.0	0.0	0.0	
3.0729735E-11	0.0	0.0	0.0	
3.2981284E-11	0.0	0.0	0.0	
3.521118E-11	0.0	0.0	0.0	
3.742241E-11	0.0	0.0	0.0	
