# amumagVersion: 1
# dimension: 2
# size[0]: -1
# size[1]: 4
# doublePrecission: false
# binaryFormat: false
# name: m_average
# unit: 860000.0Am-1
# firstColumn: time(s)
# vectorData: false
# data
0.0	-2.9273459E-18	1.0842022E-17	0.0	
2.1011237E-12	4.0071292E-4	1.318932E-16	7.756281E-18	
4.5325453E-12	0.0017530727	1.6555767E-16	-6.708501E-19	
7.0027096E-12	0.004065907	-1.9119905E-16	-1.02457105E-17	
9.4788725E-12	0.007270373	-7.529784E-17	-1.2547946E-17	
1.1938577E-11	0.011037978	-2.606964E-16	1.0596382E-17	
1.4369918E-11	0.014523762	-1.7087026E-16	-1.007461E-17	
1.6765669E-11	0.017582139	9.43798E-17	7.2607664E-18	
1.9138155E-11	0.020169122	-3.94758E-16	-7.0845836E-18	
2.149391E-11	0.022243116	-1.2630955E-17	-1.3213714E-17	
2.38337E-11	0.023769483	-9.38377E-17	-9.649399E-18	
2.6154993E-11	0.024727944	-1.4631308E-16	-1.23023065E-17	
2.8454381E-11	0.025117256	-2.5337805E-16	-2.1700984E-17	
3.0729735E-11	0.024956053	-4.5395545E-16	-1.7469208E-17	
3.2981284E-11	0.024280075	-6.7339797E-16	-3.1563836E-17	
3.521118E-11	0.023137998	-1.6642503E-17	-2.579046E-17	
3.742241E-11	0.021588102	-2.3733186E-16	-4.4709787E-17	
