# amumagVersion: 1
# dimension: 3
# size[0]: 32
# size[1]: 32
# size[2]: 2
# doublePrecission: false
# binaryFormat: false
# name: m
# unit: 860000.0Am-1
# time: 1.046148099703183E-11
# vectorData: true
# data
-0.71313	0.70023304	0.033456355		-0.7979826	0.58912534	-0.12710297		-0.8128174	0.53079545	-0.23996687		-0.83280605	0.4798358	-0.27602845		-0.85231745	0.4461025	-0.27303398		-0.8807828	0.38889974	-0.27014568		-0.9016439	0.34710717	-0.25798252		-0.9232415	0.29919532	-0.24105455		-0.9383525	0.26407415	-0.223068		-0.95436954	0.22271363	-0.19894077		-0.9661485	0.18351418	-0.18132728		-0.97773206	0.14744289	-0.14933375		-0.98541075	0.11686451	-0.12372669		-0.9930052	0.08124501	-0.08567346		-0.99762297	0.042808432	-0.053998373		-0.9998539	0.01204198	-0.012130541		-0.9998539	-0.01204198	0.012130541		-0.99762297	-0.042808432	0.053998373		-0.9930052	-0.08124501	0.08567346		-0.98541075	-0.11686451	0.12372669		-0.97773206	-0.14744289	0.14933375		-0.9661485	-0.18351418	0.18132728		-0.95436954	-0.22271363	0.19894077		-0.9383525	-0.26407415	0.223068		-0.9232415	-0.29919532	0.24105455		-0.9016439	-0.34710717	0.25798252		-0.8807828	-0.38889974	0.27014568		-0.85231745	-0.4461025	0.27303398		-0.83280605	-0.4798358	0.27602845		-0.8128174	-0.53079545	0.23996687		-0.7979826	-0.58912534	0.12710297		-0.71313	-0.70023304	-0.033456355		
-0.5882486	0.78635633	0.18869904		-0.707767	0.7058039	0.030111536		-0.7609222	0.639492	-0.10976092		-0.7988435	0.57583296	-0.1739697		-0.8256535	0.53208417	-0.18757063		-0.8580427	0.47114366	-0.2044171		-0.8823283	0.42316505	-0.2059811		-0.90632385	0.37159082	-0.20123945		-0.92404693	0.33170888	-0.19001694		-0.9434714	0.2830507	-0.1724648		-0.9582698	0.23640259	-0.16072595		-0.9725679	0.19107221	-0.13267662		-0.98183715	0.15329345	-0.11178967		-0.99127644	0.10696496	-0.07700339		-0.9970582	0.057978537	-0.050133333		-0.99981964	0.01588066	-0.0104155475		-0.99981964	-0.01588066	0.0104155475		-0.9970582	-0.057978537	0.050133333		-0.99127644	-0.10696496	0.07700339		-0.98183715	-0.15329345	0.11178967		-0.9725679	-0.19107221	0.13267662		-0.9582698	-0.23640259	0.16072595		-0.9434714	-0.2830507	0.1724648		-0.92404693	-0.33170888	0.19001694		-0.90632385	-0.37159082	0.20123945		-0.8823283	-0.42316505	0.2059811		-0.8580427	-0.47114366	0.2044171		-0.8256535	-0.53208417	0.18757063		-0.7988435	-0.57583296	0.1739697		-0.7609222	-0.639492	0.10976092		-0.707767	-0.7058039	-0.030111536		-0.5882486	-0.78635633	-0.18869904		
-0.51887894	0.799145	0.30353236		-0.6312633	0.7563072	0.17177336		-0.70447546	0.70915705	0.028471474		-0.7547095	0.6536413	-0.05627271		-0.7909209	0.6059095	-0.08554385		-0.82994336	0.54488915	-0.11954009		-0.8625416	0.48815787	-0.13313112		-0.89043355	0.4329631	-0.14025368		-0.91106457	0.38905704	-0.13636722		-0.9335809	0.3351742	-0.12682664		-0.95124507	0.28360295	-0.121252716		-0.96790314	0.23014326	-0.10098306		-0.9785359	0.18665537	-0.08733424		-0.98962104	0.13049255	-0.060182385		-0.9964751	0.073478304	-0.040476125		-0.99978703	0.01921443	-0.0075270846		-0.99978703	-0.01921443	0.0075270846		-0.9964751	-0.073478304	0.040476125		-0.98962104	-0.13049255	0.060182385		-0.9785359	-0.18665537	0.08733424		-0.96790314	-0.23014326	0.10098306		-0.95124507	-0.28360295	0.121252716		-0.9335809	-0.3351742	0.12682664		-0.91106457	-0.38905704	0.13636722		-0.89043355	-0.4329631	0.14025368		-0.8625416	-0.48815787	0.13313112		-0.82994336	-0.54488915	0.11954009		-0.7909209	-0.6059095	0.08554385		-0.7547095	-0.6536413	0.05627271		-0.70447546	-0.70915705	-0.028471474		-0.6312633	-0.7563072	-0.17177336		-0.51887894	-0.799145	-0.30353236		
-0.4571323	0.82238704	0.33868808		-0.55952376	0.79463834	0.23554832		-0.64217347	0.75796175	0.11448664		-0.7036158	0.7099767	0.029291622		-0.7498338	0.66161096	-0.0044866917		-0.7953184	0.6041599	-0.04959288		-0.8347189	0.5460336	-0.07135623		-0.8667913	0.49065778	-0.08903829		-0.89165896	0.44335368	-0.091552205		-0.9179914	0.38647974	-0.08902367		-0.93934	0.33108684	-0.08956466		-0.95989114	0.27001062	-0.075519785		-0.9733441	0.21925476	-0.06729503		-0.9870216	0.15364064	-0.046721317		-0.99549305	0.08817551	-0.034908835		-0.99973524	0.022278747	-0.0057543926		-0.99973524	-0.022278747	0.0057543926		-0.99549305	-0.08817551	0.034908835		-0.9870216	-0.15364064	0.046721317		-0.9733441	-0.21925476	0.06729503		-0.95989114	-0.27001062	0.075519785		-0.93934	-0.33108684	0.08956466		-0.9179914	-0.38647974	0.08902367		-0.89165896	-0.44335368	0.091552205		-0.8667913	-0.49065778	0.08903829		-0.8347189	-0.5460336	0.07135623		-0.7953184	-0.6041599	0.04959288		-0.7498338	-0.66161096	0.0044866917		-0.7036158	-0.7099767	-0.029291622		-0.64217347	-0.75796175	-0.11448664		-0.55952376	-0.79463834	-0.23554832		-0.4571323	-0.82238704	-0.33868808		
-0.42665324	0.844251	0.32435676		-0.51650554	0.82233286	0.23872727		-0.5943495	0.792717	0.13545641		-0.65220463	0.7559258	0.05661565		-0.7021636	0.7117257	0.020317372		-0.74822223	0.6628933	-0.027128842		-0.79285425	0.6072678	-0.05106801		-0.8288448	0.55479157	-0.07226769		-0.86151004	0.50199294	-0.076180756		-0.89308816	0.44304907	-0.07810912		-0.9202161	0.38284466	-0.081438944		-0.9465493	0.31467283	-0.07089074		-0.96527827	0.2541726	-0.060283866		-0.98301786	0.1783394	-0.043254428		-0.9941087	0.102660544	-0.034766555		-0.99965507	0.02521303	-0.007348615		-0.99965507	-0.02521303	0.007348615		-0.9941087	-0.102660544	0.034766555		-0.98301786	-0.1783394	0.043254428		-0.96527827	-0.2541726	0.060283866		-0.9465493	-0.31467283	0.07089074		-0.9202161	-0.38284466	0.081438944		-0.89308816	-0.44304907	0.07810912		-0.86151004	-0.50199294	0.076180756		-0.8288448	-0.55479157	0.07226769		-0.79285425	-0.6072678	0.05106801		-0.74822223	-0.6628933	0.027128842		-0.7021636	-0.7117257	-0.020317372		-0.65220463	-0.7559258	-0.05661565		-0.5943495	-0.792717	-0.13545641		-0.51650554	-0.82233286	-0.23872727		-0.42665324	-0.844251	-0.32435676		
-0.37012237	0.87074083	0.32375893		-0.45518476	0.8536596	0.2531249		-0.5346296	0.8280628	0.16876982		-0.5967512	0.7962239	0.099576555		-0.65288454	0.75436443	0.06838226		-0.70387036	0.71006113	0.019486513		-0.7549419	0.6557756	-0.00459595		-0.794884	0.6058735	-0.032812867		-0.8332927	0.55133724	-0.040626127		-0.86912906	0.49217504	-0.04876844		-0.9013529	0.42952856	-0.05539163		-0.93279517	0.35678175	-0.050989997		-0.9566722	0.2878174	-0.04404003		-0.9784817	0.20362957	-0.033294942		-0.9924955	0.11857091	-0.029894402		-0.99953204	0.029902643	-0.006445618		-0.99953204	-0.029902643	0.006445618		-0.9924955	-0.11857091	0.029894402		-0.9784817	-0.20362957	0.033294942		-0.9566722	-0.2878174	0.04404003		-0.93279517	-0.35678175	0.050989997		-0.9013529	-0.42952856	0.05539163		-0.86912906	-0.49217504	0.04876844		-0.8332927	-0.55133724	0.040626127		-0.794884	-0.6058735	0.032812867		-0.7549419	-0.6557756	0.00459595		-0.70387036	-0.71006113	-0.019486513		-0.65288454	-0.75436443	-0.06838226		-0.5967512	-0.7962239	-0.099576555		-0.5346296	-0.8280628	-0.16876982		-0.45518476	-0.8536596	-0.2531249		-0.37012237	-0.87074083	-0.32375893		
-0.3207985	0.89055	0.3225042		-0.39988565	0.87768674	0.2641164		-0.47611842	0.8584962	0.1905138		-0.5366261	0.83430994	0.12633024		-0.5939354	0.7991269	0.09293516		-0.64791816	0.76048744	0.043138452		-0.7071189	0.706802	0.02034095		-0.75286376	0.6580679	-0.011950653		-0.7984069	0.601682	-0.0229184		-0.8394947	0.54229844	-0.03407433		-0.87835675	0.4762979	-0.04037051		-0.91558677	0.40015817	-0.039677512		-0.94577557	0.3228872	-0.0353896		-0.97238386	0.23167384	-0.028229065		-0.990303	0.1365202	-0.02573325		-0.99931806	0.036435492	-0.0059866663		-0.99931806	-0.036435492	0.0059866663		-0.990303	-0.1365202	0.02573325		-0.97238386	-0.23167384	0.028229065		-0.94577557	-0.3228872	0.0353896		-0.91558677	-0.40015817	0.039677512		-0.87835675	-0.4762979	0.04037051		-0.8394947	-0.54229844	0.03407433		-0.7984069	-0.601682	0.0229184		-0.75286376	-0.6580679	0.011950653		-0.7071189	-0.706802	-0.02034095		-0.64791816	-0.76048744	-0.043138452		-0.5939354	-0.7991269	-0.09293516		-0.5366261	-0.83430994	-0.12633024		-0.47611842	-0.8584962	-0.1905138		-0.39988565	-0.87768674	-0.2641164		-0.3207985	-0.89055	-0.3225042		
-0.27322394	0.9118106	0.3065128		-0.34557477	0.90163064	0.2600775		-0.41696122	0.88678086	0.19940664		-0.4779207	0.866183	0.14600971		-0.53814447	0.8342147	0.12035968		-0.5943227	0.80060464	0.076241784		-0.656018	0.75255615	0.05744233		-0.70637333	0.70743465	0.02393496		-0.7585174	0.6515665	0.010605878		-0.80462986	0.59376234	-0.0041383277		-0.84927547	0.5278319	-0.011163111		-0.89342177	0.44894907	-0.015564041		-0.93154716	0.36327338	-0.015885554		-0.9642726	0.2644574	-0.01551283		-0.9872768	0.1581694	-0.016339721		-0.9989919	0.04471417	-0.0039784424		-0.9989919	-0.04471417	0.0039784424		-0.9872768	-0.1581694	0.016339721		-0.9642726	-0.2644574	0.01551283		-0.93154716	-0.36327338	0.015885554		-0.89342177	-0.44894907	0.015564041		-0.84927547	-0.5278319	0.011163111		-0.80462986	-0.59376234	0.0041383277		-0.7585174	-0.6515665	-0.010605878		-0.70637333	-0.70743465	-0.02393496		-0.656018	-0.75255615	-0.05744233		-0.5943227	-0.80060464	-0.076241784		-0.53814447	-0.8342147	-0.12035968		-0.4779207	-0.866183	-0.14600971		-0.41696122	-0.88678086	-0.19940664		-0.34557477	-0.90163064	-0.2600775		-0.27322394	-0.9118106	-0.3065128		
-0.24479477	0.9291366	0.27709347		-0.3087097	0.92029995	0.24030465		-0.36910886	0.9106334	0.18575664		-0.4237194	0.8949117	0.13998179		-0.48111117	0.86860675	0.11855118		-0.5326019	0.8424802	0.081008576		-0.58737427	0.8068083	0.06365412		-0.6376626	0.76960385	0.0331104		-0.6970019	0.71675825	0.021118928		-0.7491263	0.6624023	0.005744326		-0.80107075	0.5985681	-0.0013961358		-0.85540575	0.51789606	-0.008044805		-0.90696675	0.42110923	-0.008853207		-0.9500523	0.311857	-0.012076418		-0.98181564	0.18933594	-0.013784255		-0.99836963	0.05687779	-0.004790544		-0.99836963	-0.05687779	0.004790544		-0.98181564	-0.18933594	0.013784255		-0.9500523	-0.311857	0.012076418		-0.90696675	-0.42110923	0.008853207		-0.85540575	-0.51789606	0.008044805		-0.80107075	-0.5985681	0.0013961358		-0.7491263	-0.6624023	-0.005744326		-0.6970019	-0.71675825	-0.021118928		-0.6376626	-0.76960385	-0.0331104		-0.58737427	-0.8068083	-0.06365412		-0.5326019	-0.8424802	-0.081008576		-0.48111117	-0.86860675	-0.11855118		-0.4237194	-0.8949117	-0.13998179		-0.36910886	-0.9106334	-0.18575664		-0.3087097	-0.92029995	-0.24030465		-0.24479477	-0.9291366	-0.27709347		
-0.20118736	0.94785917	0.2471571		-0.2578941	0.9409274	0.21942249		-0.31059566	0.93439347	0.17446844		-0.3616155	0.9219547	0.13868591		-0.41855362	0.8998069	0.1231275		-0.4705008	0.8773968	0.0938289		-0.52340305	0.84818614	0.081421964		-0.575138	0.8162444	0.054418445		-0.6390567	0.7679861	0.04247191		-0.69555664	0.71799153	0.026251795		-0.7524335	0.6583867	0.019256804		-0.81530976	0.5789366	0.01012152		-0.8792152	0.4763843	0.006218256		-0.93335843	0.35893974	-0.0020669708		-0.97504294	0.22192344	-0.0064197336		-0.9976191	0.06889435	-0.0031155813		-0.9976191	-0.06889435	0.0031155813		-0.97504294	-0.22192344	0.0064197336		-0.93335843	-0.35893974	0.0020669708		-0.8792152	-0.4763843	-0.006218256		-0.81530976	-0.5789366	-0.01012152		-0.7524335	-0.6583867	-0.019256804		-0.69555664	-0.71799153	-0.026251795		-0.6390567	-0.7679861	-0.04247191		-0.575138	-0.8162444	-0.054418445		-0.52340305	-0.84818614	-0.081421964		-0.4705008	-0.8773968	-0.0938289		-0.41855362	-0.8998069	-0.1231275		-0.3616155	-0.9219547	-0.13868591		-0.31059566	-0.93439347	-0.17446844		-0.2578941	-0.9409274	-0.21942249		-0.20118736	-0.94785917	-0.2471571		
-0.1620327	0.9599697	0.22848105		-0.21216796	0.9547489	0.20842087		-0.2580524	0.9507263	0.17183855		-0.30371004	0.9421873	0.14157411		-0.3545333	0.9266421	0.12506199		-0.40397492	0.90949625	0.098085605		-0.45495284	0.8861691	0.08787639		-0.5077688	0.85921603	0.06259863		-0.5738865	0.81736636	0.050660707		-0.63370353	0.7728267	0.034040533		-0.69548225	0.71803886	0.026918324		-0.7662469	0.6423079	0.017500257		-0.8431986	0.5374474	0.012899559		-0.91099006	0.41241035	0.003844386		-0.96589	0.25895214	-5.598721E-4		-0.9966371	0.08194182	-1.9360217E-4		-0.9966371	-0.08194182	1.9360217E-4		-0.96589	-0.25895214	5.598721E-4		-0.91099006	-0.41241035	-0.003844386		-0.8431986	-0.5374474	-0.012899559		-0.7662469	-0.6423079	-0.017500257		-0.69548225	-0.71803886	-0.026918324		-0.63370353	-0.7728267	-0.034040533		-0.5738865	-0.81736636	-0.050660707		-0.5077688	-0.85921603	-0.06259863		-0.45495284	-0.8861691	-0.08787639		-0.40397492	-0.90949625	-0.098085605		-0.3545333	-0.9266421	-0.12506199		-0.30371004	-0.9421873	-0.14157411		-0.2580524	-0.9507263	-0.17183855		-0.21216796	-0.9547489	-0.20842087		-0.1620327	-0.9599697	-0.22848105		
-0.12585935	0.97245985	0.19616632		-0.1665488	0.9697178	0.17863047		-0.20424983	0.9676357	0.14819995		-0.24243301	0.9622327	0.12383244		-0.28589353	0.95161706	0.112649426		-0.32988706	0.93953246	0.0919416		-0.37715498	0.92223704	0.085046686		-0.42726496	0.901869	0.06385123		-0.49165982	0.86908096	0.054487444		-0.55252147	0.83253783	0.04000975		-0.6177936	0.7856288	0.03344413		-0.6960428	0.71756595	0.024970815		-0.7871317	0.6164099	0.021506028		-0.8738246	0.48603013	0.014329301		-0.9494586	0.31368124	0.011510082		-0.9945625	0.10359647	0.0106407115		-0.9945625	-0.10359647	-0.0106407115		-0.9494586	-0.31368124	-0.011510082		-0.8738246	-0.48603013	-0.014329301		-0.7871317	-0.6164099	-0.021506028		-0.6960428	-0.71756595	-0.024970815		-0.6177936	-0.7856288	-0.03344413		-0.55252147	-0.83253783	-0.04000975		-0.49165982	-0.86908096	-0.054487444		-0.42726496	-0.901869	-0.06385123		-0.37715498	-0.92223704	-0.085046686		-0.32988706	-0.93953246	-0.0919416		-0.28589353	-0.95161706	-0.112649426		-0.24243301	-0.9622327	-0.12383244		-0.20424983	-0.9676357	-0.14819995		-0.1665488	-0.9697178	-0.17863047		-0.12585935	-0.97245985	-0.19616632		
-0.09545064	0.9808392	0.16983436		-0.12984908	0.9790743	0.15669304		-0.16348045	0.9776279	0.13235535		-0.19628084	0.9740633	0.11258138		-0.23144019	0.9675539	0.10136511		-0.2666644	0.96013534	0.08384632		-0.30375493	0.94967604	0.076474674		-0.3440339	0.9371163	0.058767784		-0.39754084	0.91615474	0.051203646		-0.45222935	0.8910123	0.039820094		-0.5145936	0.85672534	0.034858476		-0.59495896	0.80329627	0.02718394		-0.69737524	0.71626073	0.025265671		-0.8074448	0.5895265	0.022167135		-0.9151479	0.40194666	0.030711912		-0.9870014	0.15803203	0.029224725		-0.9870014	-0.15803203	-0.029224725		-0.9151479	-0.40194666	-0.030711912		-0.8074448	-0.5895265	-0.022167135		-0.69737524	-0.71626073	-0.025265671		-0.59495896	-0.80329627	-0.02718394		-0.5145936	-0.85672534	-0.034858476		-0.45222935	-0.8910123	-0.039820094		-0.39754084	-0.91615474	-0.051203646		-0.3440339	-0.9371163	-0.058767784		-0.30375493	-0.94967604	-0.076474674		-0.2666644	-0.96013534	-0.08384632		-0.23144019	-0.9675539	-0.10136511		-0.19628084	-0.9740633	-0.11258138		-0.16348045	-0.9776279	-0.13235535		-0.12984908	-0.9790743	-0.15669304		-0.09545064	-0.9808392	-0.16983436		
-0.059898652	0.9896099	0.13070717		-0.08333242	0.98925745	0.12010568		-0.10658346	0.9890635	0.10194797		-0.12966688	0.9876057	0.08843927		-0.15550567	0.9844203	0.08206514		-0.18240708	0.98056924	0.07219168		-0.21171713	0.97492313	0.06856204		-0.24429925	0.9680516	0.05651538		-0.28826395	0.9561345	0.05206464		-0.33443037	0.94142747	0.043250937		-0.3893331	0.9202853	0.038661417		-0.46459913	0.88498217	0.030890407		-0.56932473	0.82163227	0.028102195		-0.6987651	0.714868	0.02628841		-0.8414935	0.5383019	0.04604159		-0.9655889	0.2590547	0.022993887		-0.9655889	-0.2590547	-0.022993887		-0.8414935	-0.5383019	-0.04604159		-0.6987651	-0.714868	-0.02628841		-0.56932473	-0.82163227	-0.028102195		-0.46459913	-0.88498217	-0.030890407		-0.3893331	-0.9202853	-0.038661417		-0.33443037	-0.94142747	-0.043250937		-0.28826395	-0.9561345	-0.05206464		-0.24429925	-0.9680516	-0.05651538		-0.21171713	-0.97492313	-0.06856204		-0.18240708	-0.98056924	-0.07219168		-0.15550567	-0.9844203	-0.08206514		-0.12966688	-0.9876057	-0.08843927		-0.10658346	-0.9890635	-0.10194797		-0.08333242	-0.98925745	-0.12010568		-0.059898652	-0.9896099	-0.13070717		
-0.023986707	0.99498314	0.09712459		-0.03669066	0.9949824	0.093079396		-0.048978243	0.99525857	0.08403314		-0.061705437	0.9950589	0.07778325		-0.07552896	0.9944738	0.072918855		-0.09128922	0.9935662	0.06702594		-0.10871113	0.9919716	0.064608134		-0.13178322	0.9896818	0.056241866		-0.16319883	0.98510575	0.054154992		-0.1966836	0.97934747	0.046841037		-0.23532043	0.97104967	0.041071035		-0.2911625	0.95617974	0.030736351		-0.3803719	0.924667	0.017555593		-0.5209961	0.85353875	0.0058856527		-0.70050836	0.71309805	0.027914679		-0.9170454	0.39876196	-0.0040788436		-0.9170454	-0.39876196	0.0040788436		-0.70050836	-0.71309805	-0.027914679		-0.5209961	-0.85353875	-0.0058856527		-0.3803719	-0.924667	-0.017555593		-0.2911625	-0.95617974	-0.030736351		-0.23532043	-0.97104967	-0.041071035		-0.1966836	-0.97934747	-0.046841037		-0.16319883	-0.98510575	-0.054154992		-0.13178322	-0.9896818	-0.056241866		-0.10871113	-0.9919716	-0.064608134		-0.09128922	-0.9935662	-0.06702594		-0.07552896	-0.9944738	-0.072918855		-0.061705437	-0.9950589	-0.07778325		-0.048978243	-0.99525857	-0.08403314		-0.03669066	-0.9949824	-0.093079396		-0.023986707	-0.99498314	-0.09712459		
0.006762578	0.9986311	0.05186713		0.005609871	0.9987893	0.048871275		0.0053171734	0.9989897	0.044624113		0.0040816716	0.99908364	0.04260599		0.0014608272	0.99914145	0.041403558		-0.0030123394	0.99914926	0.04113055		-0.009301831	0.99907064	0.042086963		-0.019230502	0.9989823	0.040799156		-0.032820836	0.9985598	0.042439938		-0.046449207	0.9981	0.040483885		-0.060206786	0.99749756	0.037063602		-0.08221659	0.9962634	0.026451569		-0.13759147	0.99041235	0.012328161		-0.2416495	0.9701198	0.021753179		-0.3860933	0.9207394	0.05631106		-0.7045109	0.7090249	0.03079101		-0.7045109	-0.7090249	-0.03079101		-0.3860933	-0.9207394	-0.05631106		-0.2416495	-0.9701198	-0.021753179		-0.13759147	-0.99041235	-0.012328161		-0.08221659	-0.9962634	-0.026451569		-0.060206786	-0.99749756	-0.037063602		-0.046449207	-0.9981	-0.040483885		-0.032820836	-0.9985598	-0.042439938		-0.019230502	-0.9989823	-0.040799156		-0.009301831	-0.99907064	-0.042086963		-0.0030123394	-0.99914926	-0.04113055		0.0014608272	-0.99914145	-0.041403558		0.0040816716	-0.99908364	-0.04260599		0.0053171734	-0.9989897	-0.044624113		0.005609871	-0.9987893	-0.048871275		0.006762578	-0.9986311	-0.05186713		
0.026210062	0.9993383	0.02521762		0.030842321	0.9992091	0.025098508		0.034679182	0.9990526	0.026291974		0.037862126	0.99888355	0.028251257		0.042256113	0.9987383	0.027134705		0.047053978	0.99849784	0.02807027		0.054080453	0.99815154	0.027727386		0.062811896	0.99759287	0.029379956		0.076459415	0.9966179	0.030110849		0.08883302	0.99553746	0.031841274		0.101928726	0.9942131	0.033924375		0.1212362	0.9916854	0.043149643		0.17188245	0.9831867	0.06164679		0.26876724	0.9619161	0.049815953		0.40324757	0.91493773	0.016742408		0.71169305	0.70184565	0.030094234		0.71169305	-0.70184565	-0.030094234		0.40324757	-0.91493773	-0.016742408		0.26876724	-0.9619161	-0.049815953		0.17188245	-0.9831867	-0.06164679		0.1212362	-0.9916854	-0.043149643		0.101928726	-0.9942131	-0.033924375		0.08883302	-0.99553746	-0.031841274		0.076459415	-0.9966179	-0.030110849		0.062811896	-0.99759287	-0.029379956		0.054080453	-0.99815154	-0.027727386		0.047053978	-0.99849784	-0.02807027		0.042256113	-0.9987383	-0.027134705		0.037862126	-0.99888355	-0.028251257		0.034679182	-0.9990526	-0.026291974		0.030842321	-0.9992091	-0.025098508		0.026210062	-0.9993383	-0.02521762		
0.056849327	0.9981755	-0.020343557		0.07297769	0.9971443	-0.019429777		0.08875815	0.99596184	-0.013490257		0.10337182	0.9946154	-0.007384224		0.11887691	0.99289685	-0.0049094567		0.13486828	0.99086225	0.001609673		0.15291493	0.98822874	0.0045784325		0.17463154	0.9845455	0.013186062		0.20577966	0.978445	0.01732359		0.23763475	0.9710596	0.023935117		0.2750681	0.9610218	0.02783354		0.3274288	0.9441913	0.035960868		0.41083714	0.9102244	0.05200439		0.5436357	0.83739126	0.056886487		0.71353054	0.7001201	0.026571231		0.92052305	0.38922054	0.033833325		0.92052305	-0.38922054	-0.033833325		0.71353054	-0.7001201	-0.026571231		0.5436357	-0.83739126	-0.056886487		0.41083714	-0.9102244	-0.05200439		0.3274288	-0.9441913	-0.035960868		0.2750681	-0.9610218	-0.02783354		0.23763475	-0.9710596	-0.023935117		0.20577966	-0.978445	-0.01732359		0.17463154	-0.9845455	-0.013186062		0.15291493	-0.98822874	-0.0045784325		0.13486828	-0.99086225	-0.001609673		0.11887691	-0.99289685	0.0049094567		0.10337182	-0.9946154	0.007384224		0.08875815	-0.99596184	0.013490257		0.07297769	-0.9971443	0.019429777		0.056849327	-0.9981755	0.020343557		
0.092352636	0.9942408	-0.054371104		0.11912343	0.9917707	-0.046910144		0.14570077	0.9888151	-0.03187309		0.1706103	0.98516387	-0.018554643		0.19792895	0.98010564	-0.0147343455		0.22490104	0.9743712	-0.004502915		0.25441322	0.9670954	-7.072062E-4		0.28531665	0.95836794	0.011191922		0.32840756	0.9443789	0.017233241		0.37238622	0.92774856	0.024720341		0.42535216	0.904633	0.026733734		0.49624762	0.8676302	0.030921258		0.5943727	0.8034522	0.03443473		0.7161108	0.6974707	0.0268308		0.85081536	0.52544004	-0.0051062005		0.9675997	0.25243625	-0.005171591		0.9675997	-0.25243625	0.005171591		0.85081536	-0.52544004	0.0051062005		0.7161108	-0.6974707	-0.0268308		0.5943727	-0.8034522	-0.03443473		0.49624762	-0.8676302	-0.030921258		0.42535216	-0.904633	-0.026733734		0.37238622	-0.92774856	-0.024720341		0.32840756	-0.9443789	-0.017233241		0.28531665	-0.95836794	-0.011191922		0.25441322	-0.9670954	7.072062E-4		0.22490104	-0.9743712	0.004502915		0.19792895	-0.98010564	0.0147343455		0.1706103	-0.98516387	0.018554643		0.14570077	-0.9888151	0.03187309		0.11912343	-0.9917707	0.046910144		0.092352636	-0.9942408	0.054371104		
0.12733723	0.98739475	-0.09400463		0.16490775	0.98271894	-0.084076665		0.2016571	0.97742915	-0.06298133		0.23594454	0.97077984	-0.04377996		0.27214023	0.96160424	-0.035454124		0.30704886	0.9515229	-0.018033028		0.34391165	0.9389386	-0.010913075		0.38218758	0.9240647	0.0060888883		0.43430126	0.900653	0.014373748		0.48633382	0.8734542	0.023603		0.54608715	0.8373514	0.025128199		0.6216291	0.7828145	0.027904335		0.7172409	0.6962419	0.028506646		0.8202707	0.5716007	0.020703897		0.92132294	0.3887972	-8.9449936E-4		0.98801863	0.1530761	-0.01966946		0.98801863	-0.1530761	0.01966946		0.92132294	-0.3887972	8.9449936E-4		0.8202707	-0.5716007	-0.020703897		0.7172409	-0.6962419	-0.028506646		0.6216291	-0.7828145	-0.027904335		0.54608715	-0.8373514	-0.025128199		0.48633382	-0.8734542	-0.023603		0.43430126	-0.900653	-0.014373748		0.38218758	-0.9240647	-0.0060888883		0.34391165	-0.9389386	0.010913075		0.30704886	-0.9515229	0.018033028		0.27214023	-0.96160424	0.035454124		0.23594454	-0.97077984	0.04377996		0.2016571	-0.97742915	0.06298133		0.16490775	-0.98271894	0.084076665		0.12733723	-0.98739475	0.09400463		
0.1558944	0.98041964	-0.1203092		0.1995619	0.97413206	-0.10602737		0.24035855	0.96749574	-0.07861172		0.27977443	0.958515	-0.054546393		0.3239092	0.94498956	-0.04558077		0.36706242	0.9298579	-0.025088727		0.41371363	0.9102204	-0.018436154		0.46141654	0.8871826	0.0013571081		0.5237122	0.8518361	0.01004138		0.5815495	0.81323195	0.021306297		0.64376545	0.76485604	0.023692217		0.71723574	0.69634736	0.025945805		0.80197996	0.59679854	0.025684135		0.88291544	0.46904138	0.02145957		0.9534626	0.30127603	0.011907743		0.99510634	0.09868899	-0.004884945		0.99510634	-0.09868899	0.004884945		0.9534626	-0.30127603	-0.011907743		0.88291544	-0.46904138	-0.02145957		0.80197996	-0.59679854	-0.025684135		0.71723574	-0.69634736	-0.025945805		0.64376545	-0.76485604	-0.023692217		0.5815495	-0.81323195	-0.021306297		0.5237122	-0.8518361	-0.01004138		0.46141654	-0.8871826	-0.0013571081		0.41371363	-0.9102204	0.018436154		0.36706242	-0.9298579	0.025088727		0.3239092	-0.94498956	0.04558077		0.27977443	-0.958515	0.054546393		0.24035855	-0.96749574	0.07861172		0.1995619	-0.97413206	0.10602737		0.1558944	-0.98041964	0.1203092		
0.1911704	0.96948045	-0.15349779		0.24408774	0.960049	-0.1368473		0.2928364	0.95054966	-0.103451625		0.3393412	0.937753	-0.07393825		0.3903208	0.9187162	-0.060085468		0.438535	0.89807796	-0.033808567		0.48853442	0.8722069	-0.024274213		0.53872263	0.8424827	-9.1610965E-4		0.6023791	0.798154	0.009465123		0.6589739	0.7518374	0.022225544		0.71749175	0.6961281	0.024724256		0.7836627	0.6205828	0.027381176		0.85484356	0.5181459	0.027700635		0.9178131	0.39616445	0.025937783		0.9687509	0.24726291	0.01956525		0.99701697	0.077062026	0.0043132952		0.99701697	-0.077062026	-0.0043132952		0.9687509	-0.24726291	-0.01956525		0.9178131	-0.39616445	-0.025937783		0.85484356	-0.5181459	-0.027700635		0.7836627	-0.6205828	-0.027381176		0.71749175	-0.6961281	-0.024724256		0.6589739	-0.7518374	-0.022225544		0.6023791	-0.798154	-0.009465123		0.53872263	-0.8424827	9.1610965E-4		0.48853442	-0.8722069	0.024274213		0.438535	-0.89807796	0.033808567		0.3903208	-0.9187162	0.060085468		0.3393412	-0.937753	0.07393825		0.2928364	-0.95054966	0.103451625		0.24408774	-0.960049	0.1368473		0.1911704	-0.96948045	0.15349779		
0.22910511	0.9578676	-0.17320627		0.28844136	0.9458291	-0.14902669		0.34367535	0.932934	-0.10733799		0.39546275	0.91563314	-0.072285235		0.4522305	0.8898985	-0.05973525		0.5028529	0.86379594	-0.03155245		0.5543061	0.83205986	-0.020521311		0.60329413	0.79750776	0.004184355		0.66438806	0.74725497	0.014089007		0.7175959	0.6959694	0.026128793		0.7712642	0.63588107	0.02840406		0.8297756	0.5572565	0.030621532		0.8885002	0.45786485	0.030449072		0.93860394	0.3438143	0.028536616		0.97723716	0.21089332	0.023055846		0.99791247	0.06424842	0.0065472717		0.99791247	-0.06424842	-0.0065472717		0.97723716	-0.21089332	-0.023055846		0.93860394	-0.3438143	-0.028536616		0.8885002	-0.45786485	-0.030449072		0.8297756	-0.5572565	-0.030621532		0.7712642	-0.63588107	-0.02840406		0.7175959	-0.6959694	-0.026128793		0.66438806	-0.74725497	-0.014089007		0.60329413	-0.79750776	-0.004184355		0.5543061	-0.83205986	0.020521311		0.5028529	-0.86379594	0.03155245		0.4522305	-0.8898985	0.05973525		0.39546275	-0.91563314	0.072285235		0.34367535	-0.932934	0.10733799		0.28844136	-0.9458291	0.14902669		0.22910511	-0.9578676	0.17320627		
0.2713248	0.94059217	-0.20413049		0.3375056	0.92562824	-0.17117906		0.40005538	0.9085806	-0.1201538		0.4549968	0.8872716	-0.07567726		0.5118084	0.8571575	-0.057733208		0.561746	0.82702255	-0.021797832		0.6148074	0.7886512	-0.006408282		0.6623456	0.7488919	0.02143021		0.7188566	0.69447845	0.030739112		0.7678546	0.6392695	0.04163999		0.8166973	0.5754012	0.043806244		0.86712676	0.4961786	0.04356573		0.9142634	0.40308523	0.040554404		0.9540784	0.29756364	0.034500916		0.983465	0.17898212	0.027604511		0.99858576	0.052659653	0.007312753		0.99858576	-0.052659653	-0.007312753		0.983465	-0.17898212	-0.027604511		0.9540784	-0.29756364	-0.034500916		0.9142634	-0.40308523	-0.040554404		0.86712676	-0.4961786	-0.04356573		0.8166973	-0.5754012	-0.043806244		0.7678546	-0.6392695	-0.04163999		0.7188566	-0.69447845	-0.030739112		0.6623456	-0.7488919	-0.02143021		0.6148074	-0.7886512	0.006408282		0.561746	-0.82702255	0.021797832		0.5118084	-0.8571575	0.057733208		0.4549968	-0.8872716	0.07567726		0.40005538	-0.9085806	0.1201538		0.3375056	-0.92562824	0.17117906		0.2713248	-0.94059217	0.20413049		
0.29724976	0.9258636	-0.23327917		0.37159735	0.9086059	-0.19065881		0.4447887	0.8856936	-0.13307844		0.5056433	0.85896164	-0.08068306		0.56506443	0.82301134	-0.057917703		0.61921483	0.7850607	-0.015897948		0.67863584	0.7344749	7.691283E-5		0.72623366	0.6867959	0.029935084		0.77566713	0.62991905	0.039274424		0.819072	0.5715894	0.049056474		0.8609424	0.50616413	0.050753962		0.90200126	0.42902482	0.048284933		0.93678164	0.3471039	0.044261318		0.9671139	0.25186995	0.03538649		0.9883895	0.14927801	0.028324533		0.9991273	0.041309826	0.0061739017		0.9991273	-0.041309826	-0.0061739017		0.9883895	-0.14927801	-0.028324533		0.9671139	-0.25186995	-0.03538649		0.93678164	-0.3471039	-0.044261318		0.90200126	-0.42902482	-0.048284933		0.8609424	-0.50616413	-0.050753962		0.819072	-0.5715894	-0.049056474		0.77566713	-0.62991905	-0.039274424		0.72623366	-0.6867959	-0.029935084		0.67863584	-0.7344749	-7.691283E-5		0.61921483	-0.7850607	0.015897948		0.56506443	-0.82301134	0.057917703		0.5056433	-0.85896164	0.08068306		0.4447887	-0.8856936	0.13307844		0.37159735	-0.9086059	0.19065881		0.29724976	-0.9258636	0.23327917		
0.34277683	0.9053086	-0.25083935		0.42354333	0.8843353	-0.19637245		0.50118333	0.85611105	-0.12605235		0.56121886	0.82522535	-0.06353353		0.6174571	0.78589153	-0.033484895		0.6692957	0.74286973	0.0137025155		0.726222	0.6866614	0.03313214		0.7694658	0.6357184	0.061518688		0.8126196	0.5787922	0.06818265		0.85131264	0.51936406	0.07434914		0.88771963	0.45416966	0.075390674		0.9223836	0.3802065	0.06820185		0.94986117	0.30685458	0.06003326		0.9745694	0.21948022	0.045198552		0.99114496	0.12789264	0.035708476		0.99941677	0.033308893	0.0075226403		0.99941677	-0.033308893	-0.0075226403		0.99114496	-0.12789264	-0.035708476		0.9745694	-0.21948022	-0.045198552		0.94986117	-0.30685458	-0.06003326		0.9223836	-0.3802065	-0.06820185		0.88771963	-0.45416966	-0.075390674		0.85131264	-0.51936406	-0.07434914		0.8126196	-0.5787922	-0.06818265		0.7694658	-0.6357184	-0.061518688		0.726222	-0.6866614	-0.03313214		0.6692957	-0.74286973	-0.0137025155		0.6174571	-0.78589153	0.033484895		0.56121886	-0.82522535	0.06353353		0.50118333	-0.85611105	0.12605235		0.42354333	-0.8843353	0.19637245		0.34277683	-0.9053086	0.25083935		
0.3900442	0.8853154	-0.2531444		0.4764946	0.85916185	-0.18653098		0.5568764	0.82386607	-0.105514795		0.61826915	0.78503764	-0.038199678		0.67314893	0.73942775	-0.010823863		0.7220584	0.69094795	0.034965362		0.7709767	0.6344879	0.05495374		0.80869514	0.58288985	0.07906672		0.844975	0.52841353	0.08244051		0.8787008	0.46963394	0.08560869		0.90890115	0.40779045	0.08721022		0.9381799	0.3375644	0.07660743		0.95983994	0.27261728	0.066235356		0.9801404	0.19231072	0.048387818		0.9931458	0.11034041	0.03855368		0.9996066	0.027001562	0.0075829425		0.9996066	-0.027001562	-0.0075829425		0.9931458	-0.11034041	-0.03855368		0.9801404	-0.19231072	-0.048387818		0.95983994	-0.27261728	-0.066235356		0.9381799	-0.3375644	-0.07660743		0.90890115	-0.40779045	-0.08721022		0.8787008	-0.46963394	-0.08560869		0.844975	-0.52841353	-0.08244051		0.80869514	-0.58288985	-0.07906672		0.7709767	-0.6344879	-0.05495374		0.7220584	-0.69094795	-0.034965362		0.67314893	-0.73942775	0.010823863		0.61826915	-0.78503764	0.038199678		0.5568764	-0.82386607	0.105514795		0.4764946	-0.85916185	0.18653098		0.3900442	-0.8853154	0.2531444		
0.4440904	0.8588633	-0.2552206		0.53479654	0.8268831	-0.17394531		0.6131734	0.7864426	-0.07433989		0.6701387	0.74223375	0.001783432		0.71887887	0.69431484	0.033764843		0.76303554	0.64168495	0.077570476		0.80580527	0.5841558	0.097158946		0.83989316	0.53062177	0.11410533		0.87078184	0.4783654	0.1136025		0.90060574	0.4203185	0.11064181		0.9260661	0.36120465	0.10923729		0.9506838	0.29590094	0.09296798		0.9676719	0.23937315	0.07944553		0.9842689	0.16751924	0.056143396		0.99459726	0.094911166	0.042049184		0.9997117	0.02257617	0.008177617		0.9997117	-0.02257617	-0.008177617		0.99459726	-0.094911166	-0.042049184		0.9842689	-0.16751924	-0.056143396		0.9676719	-0.23937315	-0.07944553		0.9506838	-0.29590094	-0.09296798		0.9260661	-0.36120465	-0.10923729		0.90060574	-0.4203185	-0.11064181		0.87078184	-0.4783654	-0.1136025		0.83989316	-0.53062177	-0.11410533		0.80580527	-0.5841558	-0.097158946		0.76303554	-0.64168495	-0.077570476		0.71887887	-0.69431484	-0.033764843		0.6701387	-0.74223375	-0.001783432		0.6131734	-0.7864426	0.07433989		0.53479654	-0.8268831	0.17394531		0.4440904	-0.8588633	0.2552206		
0.47193673	0.8393441	-0.2697726		0.57472926	0.8003769	-0.1705376		0.6574294	0.75164914	-0.053011067		0.71753144	0.6959215	0.029015215		0.76261514	0.644182	0.058716957		0.80612177	0.5833597	0.09929349		0.84386325	0.52378136	0.11639551		0.8743325	0.46777815	0.12933001		0.8979	0.4212994	0.12760267		0.922951	0.36566633	0.120206624		0.9430893	0.31156382	0.11623497		0.9625309	0.2533051	0.09680296		0.9748194	0.20605499	0.08525537		0.987805	0.14408135	0.059006594		0.99578595	0.08151724	0.042014893		0.99977374	0.02006756	0.007055474		0.99977374	-0.02006756	-0.007055474		0.99578595	-0.08151724	-0.042014893		0.987805	-0.14408135	-0.059006594		0.9748194	-0.20605499	-0.08525537		0.9625309	-0.2533051	-0.09680296		0.9430893	-0.31156382	-0.11623497		0.922951	-0.36566633	-0.120206624		0.8979	-0.4212994	-0.12760267		0.8743325	-0.46777815	-0.12933001		0.84386325	-0.52378136	-0.11639551		0.80612177	-0.5833597	-0.09929349		0.76261514	-0.644182	-0.058716957		0.71753144	-0.6959215	-0.029015215		0.6574294	-0.75164914	0.053011067		0.57472926	-0.8003769	0.1705376		0.47193673	-0.8393441	0.2697726		
0.52882683	0.8152519	-0.23602237		0.6410936	0.7597319	-0.10865745		0.7141981	0.6992941	0.030145949		0.76343954	0.6363695	0.11042577		0.7990839	0.5858034	0.13527527		0.8367411	0.5223732	0.16428807		0.868283	0.46480748	0.17331669		0.8951333	0.40967998	0.17578027		0.9149471	0.36699247	0.16789396		0.9366555	0.3146945	0.15376534		0.9535277	0.26463586	0.14405844		0.9695392	0.21404144	0.11907938		0.9794022	0.17395575	0.102522016		0.9900957	0.12138003	0.07055115		0.99665016	0.06735547	0.046386197		0.9998146	0.01719826	0.008656557		0.9998146	-0.01719826	-0.008656557		0.99665016	-0.06735547	-0.046386197		0.9900957	-0.12138003	-0.07055115		0.9794022	-0.17395575	-0.102522016		0.9695392	-0.21404144	-0.11907938		0.9535277	-0.26463586	-0.14405844		0.9366555	-0.3146945	-0.15376534		0.9149471	-0.36699247	-0.16789396		0.8951333	-0.40967998	-0.17578027		0.868283	-0.46480748	-0.17331669		0.8367411	-0.5223732	-0.16428807		0.7990839	-0.5858034	-0.13527527		0.76343954	-0.6363695	-0.11042577		0.7141981	-0.6992941	-0.030145949		0.6410936	-0.7597319	0.10865745		0.52882683	-0.8152519	0.23602237		
0.5888256	0.79915327	-0.12098953		0.7090635	0.7044705	0.030827219		0.76308894	0.62495697	0.16469388		0.8009744	0.55533856	0.22369419		0.8281721	0.5097228	0.23305276		0.8600946	0.4474991	0.24491179		0.8842456	0.39926836	0.24226964		0.90792364	0.34835124	0.23307958		0.925399	0.30999786	0.21803218		0.94460624	0.2631264	0.19617222		0.9591145	0.21794204	0.1805566		0.9732453	0.17549336	0.14830917		0.9820755	0.14124624	0.12480869		0.99144155	0.098343834	0.08586141		0.99712306	0.05215976	0.054999497		0.9998394	0.013874282	0.0113433255		0.9998394	-0.013874282	-0.0113433255		0.99712306	-0.05215976	-0.054999497		0.99144155	-0.098343834	-0.08586141		0.9820755	-0.14124624	-0.12480869		0.9732453	-0.17549336	-0.14830917		0.9591145	-0.21794204	-0.1805566		0.94460624	-0.2631264	-0.19617222		0.925399	-0.30999786	-0.21803218		0.90792364	-0.34835124	-0.23307958		0.8842456	-0.39926836	-0.24226964		0.8600946	-0.4474991	-0.24491179		0.8281721	-0.5097228	-0.23305276		0.8009744	-0.55533856	-0.22369419		0.76308894	-0.62495697	-0.16469388		0.7090635	-0.7044705	-0.030827219		0.5888256	-0.79915327	0.12098953		
0.70162195	0.7117401	0.033950698		0.79080087	0.58409023	0.1829552		0.8081717	0.5129312	0.28941333		0.8291814	0.45772782	0.32084802		0.8498786	0.423015	0.31426844		0.87879246	0.36569893	0.30657482		0.900259	0.3242007	0.29056433		0.9222065	0.27746403	0.269349		0.9376151	0.24400276	0.24767026		0.9539327	0.20445731	0.2195668		0.9658354	0.16671759	0.19841166		0.97762644	0.13332736	0.16269714		0.9851753	0.106107935	0.13479878		0.99293315	0.07352235	0.093156666		0.99760514	0.037621845	0.0580392		0.99986523	0.010198468	0.012863023		0.99986523	-0.010198468	-0.012863023		0.99760514	-0.037621845	-0.0580392		0.99293315	-0.07352235	-0.093156666		0.9851753	-0.106107935	-0.13479878		0.97762644	-0.13332736	-0.16269714		0.9658354	-0.16671759	-0.19841166		0.9539327	-0.20445731	-0.2195668		0.9376151	-0.24400276	-0.24767026		0.9222065	-0.27746403	-0.269349		0.900259	-0.3242007	-0.29056433		0.87879246	-0.36569893	-0.30657482		0.8498786	-0.423015	-0.31426844		0.8291814	-0.45772782	-0.32084802		0.8081717	-0.5129312	-0.28941333		0.79080087	-0.58409023	-0.1829552		0.70162195	-0.7117401	-0.033950698		

-0.71410817	0.6994485	0.028656729		-0.7343459	0.65999925	-0.15854654		-0.6955428	0.6540855	-0.2973085		-0.6951265	0.63995594	-0.327499		-0.7094597	0.61695015	-0.34064564		-0.74796957	0.5704935	-0.3392325		-0.77961254	0.522553	-0.34517044		-0.8173722	0.4698464	-0.33338717		-0.8504341	0.4239718	-0.31146386		-0.8854692	0.3649095	-0.28772447		-0.91429824	0.3103191	-0.26030907		-0.9420407	0.24939293	-0.22441599		-0.96394205	0.1993501	-0.17628169		-0.98154116	0.13991916	-0.13038266		-0.99279237	0.08583134	-0.08364413		-0.99917656	0.02510122	-0.031877622		-0.99917656	-0.02510122	0.031877622		-0.99279237	-0.08583134	0.08364413		-0.98154116	-0.13991916	0.13038266		-0.96394205	-0.1993501	0.17628169		-0.9420407	-0.24939293	0.22441599		-0.91429824	-0.3103191	0.26030907		-0.8854692	-0.3649095	0.28772447		-0.8504341	-0.4239718	0.31146386		-0.8173722	-0.4698464	0.33338717		-0.77961254	-0.522553	0.34517044		-0.74796957	-0.5704935	0.3392325		-0.7094597	-0.61695015	0.34064564		-0.6951265	-0.63995594	0.327499		-0.6955428	-0.6540855	0.2973085		-0.7343459	-0.65999925	0.15854654		-0.71410817	-0.6994485	-0.028656729		
-0.6588657	0.7216585	0.21237928		-0.7078081	0.70585924	0.027757755		-0.6985826	0.70284337	-0.13414021		-0.7028248	0.6844665	-0.19375996		-0.7164439	0.6605806	-0.22436908		-0.7500417	0.6171916	-0.23772225		-0.78171176	0.5687156	-0.25590882		-0.81657815	0.517308	-0.25611055		-0.84817696	0.47054002	-0.24328578		-0.88325286	0.40906516	-0.22919445		-0.9124725	0.3500437	-0.21180972		-0.9411125	0.28332353	-0.18448567		-0.96271104	0.22832055	-0.14511098		-0.98107034	0.16103424	-0.107559085		-0.9925756	0.09848088	-0.07138101		-0.99920803	0.028477566	-0.027791698		-0.99920803	-0.028477566	0.027791698		-0.9925756	-0.09848088	0.07138101		-0.98107034	-0.16103424	0.107559085		-0.96271104	-0.22832055	0.14511098		-0.9411125	-0.28332353	0.18448567		-0.9124725	-0.3500437	0.21180972		-0.88325286	-0.40906516	0.22919445		-0.84817696	-0.47054002	0.24328578		-0.81657815	-0.517308	0.25611055		-0.78171176	-0.5687156	0.25590882		-0.7500417	-0.6171916	0.23772225		-0.7164439	-0.6605806	0.22436908		-0.7028248	-0.6844665	0.19375996		-0.6985826	-0.70284337	0.13414021		-0.7078081	-0.70585924	-0.027757755		-0.6588657	-0.7216585	-0.21237928		
-0.64051	0.6840914	0.34894976		-0.69336474	0.6949166	0.19062056		-0.7021901	0.71143436	0.028110161		-0.7076422	0.704406	-0.05526939		-0.72126997	0.6847384	-0.10441735		-0.7519691	0.64596593	-0.131417		-0.78788656	0.59469295	-0.15992197		-0.82142514	0.5443007	-0.1702864		-0.85186684	0.49645105	-0.16691093		-0.8858643	0.43480706	-0.16182466		-0.91467106	0.37386805	-0.15362133		-0.9428462	0.304351	-0.13568908		-0.9626571	0.24877125	-0.10679059		-0.9811226	0.17623645	-0.07961852		-0.99268293	0.10720689	-0.055563383		-0.99931246	0.029374966	-0.02262242		-0.99931246	-0.029374966	0.02262242		-0.99268293	-0.10720689	0.055563383		-0.9811226	-0.17623645	0.07961852		-0.9626571	-0.24877125	0.10679059		-0.9428462	-0.304351	0.13568908		-0.91467106	-0.37386805	0.15362133		-0.8858643	-0.43480706	0.16182466		-0.85186684	-0.49645105	0.16691093		-0.82142514	-0.5443007	0.1702864		-0.78788656	-0.59469295	0.15992197		-0.7519691	-0.64596593	0.131417		-0.72126997	-0.6847384	0.10441735		-0.7076422	-0.704406	0.05526939		-0.7021901	-0.71143436	-0.028110161		-0.69336474	-0.6949166	-0.19062056		-0.64051	-0.6840914	-0.34894976		
-0.61774415	0.6886224	0.37972528		-0.6673461	0.7019737	0.24876112		-0.6875782	0.71777856	0.109682046		-0.6987442	0.71488905	0.026271526		-0.7178039	0.695797	-0.02498105		-0.74770826	0.6613372	-0.059711747		-0.78567433	0.61144686	-0.09406676		-0.8179006	0.5642382	-0.11257845		-0.84850734	0.51640344	-0.11559752		-0.88245595	0.4558091	-0.11623085		-0.91188926	0.3943858	-0.11365662		-0.9408549	0.32314393	-0.1018335		-0.9608251	0.2648592	-0.08163799		-0.9800859	0.18872811	-0.06175234		-0.99234045	0.11439762	-0.046622414		-0.99935997	0.030360177	-0.018918322		-0.99935997	-0.030360177	0.018918322		-0.99234045	-0.11439762	0.046622414		-0.9800859	-0.18872811	0.06175234		-0.9608251	-0.2648592	0.08163799		-0.9408549	-0.32314393	0.1018335		-0.91188926	-0.3943858	0.11365662		-0.88245595	-0.4558091	0.11623085		-0.84850734	-0.51640344	0.11559752		-0.8179006	-0.5642382	0.11257845		-0.78567433	-0.61144686	0.09406676		-0.74770826	-0.6613372	0.059711747		-0.7178039	-0.695797	0.02498105		-0.6987442	-0.71488905	-0.026271526		-0.6875782	-0.71777856	-0.109682046		-0.6673461	-0.7019737	-0.24876112		-0.61774415	-0.6886224	-0.37972528		
-0.59682924	0.70052415	0.3912298		-0.6428952	0.714244	0.27666092		-0.6669467	0.72941256	0.15211636		-0.677064	0.7323824	0.072113246		-0.6967923	0.7169798	0.020503908		-0.72285014	0.69082254	-0.015871173		-0.76175386	0.6456249	-0.05384717		-0.7941372	0.60294163	-0.07620721		-0.8286392	0.5535317	-0.08342499		-0.86556673	0.4929499	-0.088286914		-0.8980067	0.43072703	-0.08976784		-0.93112105	0.35513633	-0.08301657		-0.95476514	0.28950003	-0.067920975		-0.97714674	0.20585778	-0.052979402		-0.991216	0.12524989	-0.04246579		-0.9993308	0.032085393	-0.017563308		-0.9993308	-0.032085393	0.017563308		-0.991216	-0.12524989	0.04246579		-0.97714674	-0.20585778	0.052979402		-0.95476514	-0.28950003	0.067920975		-0.93112105	-0.35513633	0.08301657		-0.8980067	-0.43072703	0.08976784		-0.86556673	-0.4929499	0.088286914		-0.8286392	-0.5535317	0.08342499		-0.7941372	-0.60294163	0.07620721		-0.76175386	-0.6456249	0.05384717		-0.72285014	-0.69082254	0.015871173		-0.6967923	-0.7169798	-0.020503908		-0.677064	-0.7323824	-0.072113246		-0.6669467	-0.72941256	-0.15211636		-0.6428952	-0.714244	-0.27666092		-0.59682924	-0.70052415	-0.3912298		
-0.55002016	0.73685664	0.3930905		-0.5977706	0.7475718	0.28949386		-0.6272731	0.7581292	0.17823736		-0.6426916	0.7590144	0.10413738		-0.6692556	0.74067456	0.059144627		-0.69846326	0.7153285	0.021310572		-0.74138224	0.67087984	-0.016509688		-0.7738228	0.63186324	-0.044127267		-0.8115083	0.5817818	-0.05462786		-0.85012704	0.5226898	-0.063869625		-0.88566536	0.459496	-0.066785604		-0.9215359	0.38288352	-0.06458905		-0.9485337	0.31185722	-0.055035494		-0.97357297	0.22384101	-0.045286007		-0.98994464	0.13616277	-0.038332306		-0.9992488	0.03524556	-0.01611218		-0.9992488	-0.03524556	0.01611218		-0.98994464	-0.13616277	0.038332306		-0.97357297	-0.22384101	0.045286007		-0.9485337	-0.31185722	0.055035494		-0.9215359	-0.38288352	0.06458905		-0.88566536	-0.459496	0.066785604		-0.85012704	-0.5226898	0.063869625		-0.8115083	-0.5817818	0.05462786		-0.7738228	-0.63186324	0.044127267		-0.74138224	-0.67087984	0.016509688		-0.69846326	-0.7153285	-0.021310572		-0.6692556	-0.74067456	-0.059144627		-0.6426916	-0.7590144	-0.10413738		-0.6272731	-0.7581292	-0.17823736		-0.5977706	-0.7475718	-0.28949386		-0.55002016	-0.73685664	-0.3930905		
-0.49340406	0.7742278	0.39638835		-0.54022855	0.78424376	0.30514723		-0.57285726	0.7935313	0.20528673		-0.5895408	0.7962754	0.13559945		-0.6192216	0.7799211	0.0910362		-0.64900804	0.7590705	0.050995674		-0.69902176	0.7149701	0.013649799		-0.7347703	0.6780546	-0.018830124		-0.7797076	0.62516433	-0.035009246		-0.82216257	0.56722933	-0.04795367		-0.8639804	0.5008106	-0.052216686		-0.9049496	0.42221043	-0.052958373		-0.9377052	0.3441303	-0.047783777		-0.9673029	0.25032657	-0.040763218		-0.9877176	0.15213865	-0.035604447		-0.99905306	0.040695183	-0.015390549		-0.99905306	-0.040695183	0.015390549		-0.9877176	-0.15213865	0.035604447		-0.9673029	-0.25032657	0.040763218		-0.9377052	-0.3441303	0.047783777		-0.9049496	-0.42221043	0.052958373		-0.8639804	-0.5008106	0.052216686		-0.82216257	-0.56722933	0.04795367		-0.7797076	-0.62516433	0.035009246		-0.7347703	-0.6780546	0.018830124		-0.69902176	-0.7149701	-0.013649799		-0.64900804	-0.7590705	-0.050995674		-0.6192216	-0.7799211	-0.0910362		-0.5895408	-0.7962754	-0.13559945		-0.57285726	-0.7935313	-0.20528673		-0.54022855	-0.78424376	-0.30514723		-0.49340406	-0.7742278	-0.39638835		
-0.4388688	0.8123051	0.3841284		-0.48484263	0.81961966	0.30520684		-0.5176603	0.82717353	0.21865892		-0.5387754	0.82763606	0.15728834		-0.5741876	0.81002605	0.11902276		-0.60739666	0.7901059	0.082473986		-0.6603914	0.7492673	0.049816854		-0.6993342	0.7146131	0.016117124		-0.7495584	0.6619322	-0.0028381397		-0.7947545	0.6066458	-0.018603286		-0.8408058	0.540818	-0.023696868		-0.8867094	0.46144152	-0.028603528		-0.92607135	0.37627015	-0.028506773		-0.9603719	0.2773544	-0.02757402		-0.9852032	0.16939077	-0.026103761		-0.99877113	0.04790944	-0.01268643		-0.99877113	-0.04790944	0.01268643		-0.9852032	-0.16939077	0.026103761		-0.9603719	-0.2773544	0.02757402		-0.92607135	-0.37627015	0.028506773		-0.8867094	-0.46144152	0.028603528		-0.8408058	-0.540818	0.023696868		-0.7947545	-0.6066458	0.018603286		-0.7495584	-0.6619322	0.0028381397		-0.6993342	-0.7146131	-0.016117124		-0.6603914	-0.7492673	-0.049816854		-0.60739666	-0.7901059	-0.082473986		-0.5741876	-0.81002605	-0.11902276		-0.5387754	-0.82763606	-0.15728834		-0.5176603	-0.82717353	-0.21865892		-0.48484263	-0.81961966	-0.30520684		-0.4388688	-0.8123051	-0.3841284		
-0.4002305	0.84390515	0.35726693		-0.44240353	0.84836555	0.29078346		-0.46979877	0.8561407	0.21520275		-0.48953006	0.85682446	0.16190176		-0.5249582	0.8413747	0.12848149		-0.55390394	0.82685596	0.09746604		-0.6001026	0.79676706	0.07098686		-0.63847554	0.7684958	0.04199112		-0.69468343	0.7189088	0.024189372		-0.74428266	0.6678202	0.0077093136		-0.7962343	0.60498804	6.1721954E-4		-0.8509986	0.5251146	-0.0074855927		-0.90299445	0.42949525	-0.011613705		-0.94679505	0.32145312	-0.01571707		-0.9799221	0.19852345	-0.018468231		-0.99816346	0.059664883	-0.010477477		-0.99816346	-0.059664883	0.010477477		-0.9799221	-0.19852345	0.018468231		-0.94679505	-0.32145312	0.01571707		-0.90299445	-0.42949525	0.011613705		-0.8509986	-0.5251146	0.0074855927		-0.7962343	-0.60498804	-6.1721954E-4		-0.74428266	-0.6678202	-0.0077093136		-0.69468343	-0.7189088	-0.024189372		-0.63847554	-0.7684958	-0.04199112		-0.6001026	-0.79676706	-0.07098686		-0.55390394	-0.82685596	-0.09746604		-0.5249582	-0.8413747	-0.12848149		-0.48953006	-0.85682446	-0.16190176		-0.46979877	-0.8561407	-0.21520275		-0.44240353	-0.84836555	-0.29078346		-0.4002305	-0.84390515	-0.35726693		
-0.34155867	0.8808127	0.32788202		-0.38155058	0.88324827	0.272565		-0.40612027	0.8899707	0.20740893		-0.427169	0.8893579	0.16300032		-0.4652603	0.8747514	0.13543576		-0.4974972	0.86037445	0.11069028		-0.5429808	0.8349056	0.09002463		-0.58313125	0.8098292	0.06430148		-0.643815	0.7637764	0.04634508		-0.6967072	0.7167541	0.029372768		-0.75261456	0.6580662	0.022808865		-0.8143905	0.58017725	0.012747037		-0.8776156	0.47934502	0.004392209		-0.9312494	0.3643497	-0.004888869		-0.97368497	0.22766317	-0.010346073		-0.99747705	0.07057139	-0.00769421		-0.99747705	-0.07057139	0.00769421		-0.97368497	-0.22766317	0.010346073		-0.9312494	-0.3643497	0.004888869		-0.8776156	-0.47934502	-0.004392209		-0.8143905	-0.58017725	-0.012747037		-0.75261456	-0.6580662	-0.022808865		-0.6967072	-0.7167541	-0.029372768		-0.643815	-0.7637764	-0.04634508		-0.58313125	-0.8098292	-0.06430148		-0.5429808	-0.8349056	-0.09002463		-0.4974972	-0.86037445	-0.11069028		-0.4652603	-0.8747514	-0.13543576		-0.427169	-0.8893579	-0.16300032		-0.40612027	-0.8899707	-0.20740893		-0.38155058	-0.88324827	-0.272565		-0.34155867	-0.8808127	-0.32788202		
-0.28617597	0.91048163	0.29854068		-0.32300073	0.9118706	0.25330326		-0.34666675	0.9166957	0.1987239		-0.36689353	0.91622335	0.16100906		-0.40196425	0.9054021	0.13664445		-0.4325288	0.89447117	0.11331443		-0.4760494	0.8741707	0.09592977		-0.51714337	0.8529903	0.07049965		-0.58079386	0.8123512	0.052573524		-0.63681096	0.7702187	0.03514278		-0.69716054	0.71632934	0.028974395		-0.76640904	0.64206606	0.019193547		-0.8422936	0.5389421	0.009102489		-0.9090388	0.4167099	-0.0011520316		-0.964681	0.26335487	-0.0058890563		-0.99655807	0.08279928	-0.00402963		-0.99655807	-0.08279928	0.00402963		-0.964681	-0.26335487	0.0058890563		-0.9090388	-0.4167099	0.0011520316		-0.8422936	-0.5389421	-0.009102489		-0.76640904	-0.64206606	-0.019193547		-0.69716054	-0.71632934	-0.028974395		-0.63681096	-0.7702187	-0.03514278		-0.58079386	-0.8123512	-0.052573524		-0.51714337	-0.8529903	-0.07049965		-0.4760494	-0.8741707	-0.09592977		-0.4325288	-0.89447117	-0.11331443		-0.40196425	-0.9054021	-0.13664445		-0.36689353	-0.91622335	-0.16100906		-0.34666675	-0.9166957	-0.1987239		-0.32300073	-0.9118706	-0.25330326		-0.28617597	-0.91048163	-0.29854068		
-0.22521247	0.93849194	0.26174828		-0.2554339	0.9405387	0.22392061		-0.2752016	0.94482327	0.17768817		-0.29309228	0.9448651	0.14603728		-0.32433745	0.9372745	0.12775663		-0.35427582	0.9287525	0.109121576		-0.3962125	0.913208	0.09521973		-0.43660825	0.89670104	0.072804704		-0.49919474	0.86458933	0.05735729		-0.5566984	0.82966155	0.04181584		-0.6206646	0.783246	0.03607162		-0.6972944	0.71626526	0.027287347		-0.7870519	0.61663	0.01779542		-0.8723613	0.48878753	0.008514014		-0.9485746	0.31648877	0.0064124507		-0.994557	0.10393223	0.0073778303		-0.994557	-0.10393223	-0.0073778303		-0.9485746	-0.31648877	-0.0064124507		-0.8723613	-0.48878753	-0.008514014		-0.7870519	-0.61663	-0.01779542		-0.6972944	-0.71626526	-0.027287347		-0.6206646	-0.783246	-0.03607162		-0.5566984	-0.82966155	-0.04181584		-0.49919474	-0.86458933	-0.05735729		-0.43660825	-0.89670104	-0.072804704		-0.3962125	-0.913208	-0.09521973		-0.35427582	-0.9287525	-0.109121576		-0.32433745	-0.9372745	-0.12775663		-0.29309228	-0.9448651	-0.14603728		-0.2752016	-0.94482327	-0.17768817		-0.2554339	-0.9405387	-0.22392061		-0.22521247	-0.93849194	-0.26174828		
-0.17616351	0.9610142	0.21311525		-0.20252271	0.9617386	0.18450858		-0.22247092	0.9635151	0.14881292		-0.23909657	0.9630914	0.12364419		-0.26473022	0.9582361	0.10817336		-0.28841394	0.9529354	0.093442574		-0.32202494	0.94294477	0.08458791		-0.35461366	0.93251806	0.06825859		-0.40666524	0.9117692	0.05744848		-0.4582512	0.88763404	0.045953147		-0.51988816	0.85317755	0.042477723		-0.5983985	0.80042547	0.035189737		-0.6988413	0.7147464	0.027538942		-0.8066425	0.5906273	0.022074437		-0.9140825	0.4043463	0.030939166		-0.98696077	0.15827185	0.029298756		-0.98696077	-0.15827185	-0.029298756		-0.9140825	-0.4043463	-0.030939166		-0.8066425	-0.5906273	-0.022074437		-0.6988413	-0.7147464	-0.027538942		-0.5983985	-0.80042547	-0.035189737		-0.51988816	-0.85317755	-0.042477723		-0.4582512	-0.88763404	-0.045953147		-0.40666524	-0.9117692	-0.05744848		-0.35461366	-0.93251806	-0.06825859		-0.32202494	-0.94294477	-0.08458791		-0.28841394	-0.9529354	-0.093442574		-0.26473022	-0.9582361	-0.10817336		-0.23909657	-0.9630914	-0.12364419		-0.22247092	-0.9635151	-0.14881292		-0.20252271	-0.9617386	-0.18450858		-0.17616351	-0.9610142	-0.21311525		
-0.11742063	0.9791711	0.1656391		-0.13519625	0.9802183	0.14454775		-0.14868422	0.9818298	0.117911965		-0.16094065	0.98186535	0.10019231		-0.18030111	0.97945124	0.0903705		-0.20018646	0.97631115	0.08210917		-0.22783114	0.9706316	0.07724794		-0.25513008	0.96464837	0.06604707		-0.29858717	0.9525788	0.05864605		-0.34217796	0.9383035	0.050008036		-0.39658427	0.9167678	0.047516137		-0.4700367	0.88169223	0.041040707		-0.5730853	0.81880885	0.03354472		-0.6995931	0.71392095	0.029771717		-0.84075135	0.53911185	0.049955346		-0.9652497	0.26005867	0.025739476		-0.9652497	-0.26005867	-0.025739476		-0.84075135	-0.53911185	-0.049955346		-0.6995931	-0.71392095	-0.029771717		-0.5730853	-0.81880885	-0.03354472		-0.4700367	-0.88169223	-0.041040707		-0.39658427	-0.9167678	-0.047516137		-0.34217796	-0.9383035	-0.050008036		-0.29858717	-0.9525788	-0.05864605		-0.25513008	-0.96464837	-0.06604707		-0.22783114	-0.9706316	-0.07724794		-0.20018646	-0.97631115	-0.08210917		-0.18030111	-0.97945124	-0.0903705		-0.16094065	-0.98186535	-0.10019231		-0.14868422	-0.9818298	-0.117911965		-0.13519625	-0.9802183	-0.14454775		-0.11742063	-0.9791711	-0.1656391		
-0.064948305	0.99087566	0.118098065		-0.074836165	0.99135345	0.10778629		-0.082304515	0.9921427	0.09422751		-0.08865572	0.99228895	0.086618505		-0.09965675	0.9916107	0.082321174		-0.11009094	0.99088055	0.077690266		-0.12540404	0.98931247	0.07439503		-0.14364344	0.9874983	0.06491319		-0.17483507	0.9827327	0.060573243		-0.20579211	0.9771489	0.05319493		-0.24289559	0.9687918	0.049439326		-0.2968252	0.9540996	0.03985868		-0.3854842	0.92242587	0.023075284		-0.5233342	0.8520704	0.009863422		-0.7004124	0.71300244	0.0324028		-0.9165393	0.39994454	-2.4069355E-4		-0.9165393	-0.39994454	2.4069355E-4		-0.7004124	-0.71300244	-0.0324028		-0.5233342	-0.8520704	-0.009863422		-0.3854842	-0.92242587	-0.023075284		-0.2968252	-0.9540996	-0.03985868		-0.24289559	-0.9687918	-0.049439326		-0.20579211	-0.9771489	-0.05319493		-0.17483507	-0.9827327	-0.060573243		-0.14364344	-0.9874983	-0.06491319		-0.12540404	-0.98931247	-0.07439503		-0.11009094	-0.99088055	-0.077690266		-0.09965675	-0.9916107	-0.082321174		-0.08865572	-0.99228895	-0.086618505		-0.082304515	-0.9921427	-0.09422751		-0.074836165	-0.99135345	-0.10778629		-0.064948305	-0.99087566	-0.118098065		
-0.0053600194	0.998037	0.062397093		-0.005415914	0.998236	0.059123237		-0.0043800385	0.9985062	0.054462876		-0.0039812555	0.99859655	0.052811846		-0.006496639	0.9986006	0.05248441		-0.009784512	0.99858123	0.052343145		-0.015767144	0.9985208	0.052034408		-0.024174294	0.99850124	0.049100313		-0.038491413	0.998047	0.049199115		-0.050921746	0.99760574	0.046794303		-0.06381895	0.9970041	0.043703604		-0.08541272	0.99578077	0.033546582		-0.14070095	0.98989004	0.017915763		-0.24397781	0.9693788	0.027920352		-0.38597542	0.92026895	0.064249285		-0.7029738	0.7100976	0.03986571		-0.7029738	-0.7100976	-0.03986571		-0.38597542	-0.92026895	-0.064249285		-0.24397781	-0.9693788	-0.027920352		-0.14070095	-0.98989004	-0.017915763		-0.08541272	-0.99578077	-0.033546582		-0.06381895	-0.9970041	-0.043703604		-0.050921746	-0.99760574	-0.046794303		-0.038491413	-0.998047	-0.049199115		-0.024174294	-0.99850124	-0.049100313		-0.015767144	-0.9985208	-0.052034408		-0.009784512	-0.99858123	-0.052343145		-0.006496639	-0.9986006	-0.05248441		-0.0039812555	-0.99859655	-0.052811846		-0.0043800385	-0.9985062	-0.054462876		-0.005415914	-0.998236	-0.059123237		-0.0053600194	-0.998037	-0.062397093		
0.039118554	0.99922925	-0.0032574227		0.043617323	0.99904615	0.002070128		0.045558777	0.99892473	0.008590047		0.047124337	0.99880385	0.0130449245		0.048985597	0.99870086	0.014036561		0.0525879	0.99849874	0.015322953		0.057759177	0.9981651	0.018176		0.06513465	0.9976356	0.021925269		0.077324495	0.9966703	0.025869768		0.08890938	0.9956203	0.028901614		0.10048813	0.99440753	0.032493245		0.11987019	0.9918403	0.043404385		0.17150529	0.9829673	0.06603892		0.26929942	0.9613055	0.058048103		0.40365237	0.9145351	0.026273439		0.71132904	0.7017448	0.039562877		0.71132904	-0.7017448	-0.039562877		0.40365237	-0.9145351	-0.026273439		0.26929942	-0.9613055	-0.058048103		0.17150529	-0.9829673	-0.06603892		0.11987019	-0.9918403	-0.043404385		0.10048813	-0.99440753	-0.032493245		0.08890938	-0.9956203	-0.028901614		0.077324495	-0.9966703	-0.025869768		0.06513465	-0.9976356	-0.021925269		0.057759177	-0.9981651	-0.018176		0.0525879	-0.99849874	-0.015322953		0.048985597	-0.99870086	-0.014036561		0.047124337	-0.99880385	-0.0130449245		0.045558777	-0.99892473	-0.008590047		0.043617323	-0.99904615	-0.002070128		0.039118554	-0.99922925	0.0032574227		
0.098344	0.9933873	-0.059246305		0.11256292	0.9925369	-0.0469053		0.12291095	0.9919164	-0.031539794		0.13111867	0.99113995	-0.021201933		0.14136176	0.98982245	-0.016383352		0.15204203	0.98831624	-0.010687769		0.16647303	0.98603356	-0.0049495213		0.18356	0.9829946	0.005226736		0.21236268	0.9771019	0.013190099		0.24214652	0.9700204	0.020627337		0.27756095	0.96040356	0.024186248		0.3287324	0.9438344	0.03334142		0.41277158	0.90919316	0.05465743		0.5442646	0.83648586	0.063776456		0.7132158	0.70015657	0.033226375		0.9200641	0.389847	0.038748004		0.9200641	-0.389847	-0.038748004		0.7132158	-0.70015657	-0.033226375		0.5442646	-0.83648586	-0.063776456		0.41277158	-0.90919316	-0.05465743		0.3287324	-0.9438344	-0.03334142		0.27756095	-0.96040356	-0.024186248		0.24214652	-0.9700204	-0.020627337		0.21236268	-0.9771019	-0.013190099		0.18356	-0.9829946	-0.005226736		0.16647303	-0.98603356	0.0049495213		0.15204203	-0.98831624	0.010687769		0.14136176	-0.98982245	0.016383352		0.13111867	-0.99113995	0.021201933		0.12291095	-0.9919164	0.031539794		0.11256292	-0.9925369	0.0469053		0.098344	-0.9933873	0.059246305		
0.15005264	0.98285776	-0.107120395		0.17201926	0.98150444	-0.08401468		0.18828386	0.9805365	-0.055653166		0.20240775	0.9786634	-0.035342034		0.22086821	0.9749779	-0.025205266		0.24088533	0.9704194	-0.016138485		0.26732418	0.9635617	-0.00930375		0.2932693	0.9560273	0.0022166872		0.33408007	0.942461	0.012561627		0.37605292	0.9263709	0.020521022		0.42819566	0.9034258	0.021687372		0.49801335	0.86678356	0.025865205		0.5954115	0.8026747	0.034619894		0.7152405	0.69822073	0.030313382		0.8492562	0.5279733	-0.002830813		0.9669659	0.2548845	-0.003292603		0.9669659	-0.2548845	0.003292603		0.8492562	-0.5279733	0.002830813		0.7152405	-0.69822073	-0.030313382		0.5954115	-0.8026747	-0.034619894		0.49801335	-0.86678356	-0.025865205		0.42819566	-0.9034258	-0.021687372		0.37605292	-0.9263709	-0.020521022		0.33408007	-0.942461	-0.012561627		0.2932693	-0.9560273	-0.0022166872		0.26732418	-0.9635617	0.00930375		0.24088533	-0.9704194	0.016138485		0.22086821	-0.9749779	0.025205266		0.20240775	-0.9786634	0.035342034		0.18828386	-0.9805365	0.055653166		0.17201926	-0.98150444	0.08401468		0.15005264	-0.98285776	0.107120395		
0.20755695	0.9658841	-0.15488066		0.23774004	0.9633291	-0.124405704		0.26012743	0.9616259	-0.08723192		0.27821192	0.9586524	-0.05986482		0.30254313	0.95209527	-0.04452284		0.32605645	0.944892	-0.029433675		0.35814682	0.9334694	-0.019122407		0.38919064	0.9211523	-0.0030217762		0.43824923	0.89880145	0.009674374		0.48779815	0.8727372	0.019560922		0.5466591	0.83710086	0.020637734		0.62120426	0.78328085	0.02400728		0.71593696	0.69750726	0.030295592		0.817786	0.57495725	0.025499081		0.9194676	0.39315924	0.002259463		0.98773175	0.15517299	-0.01752917		0.98773175	-0.15517299	0.01752917		0.9194676	-0.39315924	-0.002259463		0.817786	-0.57495725	-0.025499081		0.71593696	-0.69750726	-0.030295592		0.62120426	-0.78328085	-0.02400728		0.5466591	-0.83710086	-0.020637734		0.48779815	-0.8727372	-0.019560922		0.43824923	-0.89880145	-0.009674374		0.38919064	-0.9211523	0.0030217762		0.35814682	-0.9334694	0.019122407		0.32605645	-0.944892	0.029433675		0.30254313	-0.95209527	0.04452284		0.27821192	-0.9586524	0.05986482		0.26012743	-0.9616259	0.08723192		0.23774004	-0.9633291	0.124405704		0.20755695	-0.9658841	0.15488066		
0.25523847	0.94527084	-0.20326437		0.28907314	0.94325876	-0.16340032		0.31131095	0.94328296	-0.11533775		0.33066088	0.94025433	-0.08114918		0.36081153	0.9305471	-0.06242642		0.39030117	0.919668	-0.043309778		0.43043166	0.902186	-0.028090125		0.46895313	0.8831984	-0.0066031134		0.5278392	0.8492973	0.008941628		0.5829638	0.8122092	0.021665702		0.64385545	0.7647746	0.023872841		0.71636647	0.6972	0.027041247		0.800223	0.59882486	0.032434		0.88038665	0.47327778	0.03045438		0.95213133	0.30510738	0.018853148		0.9949825	0.100047626	-6.1492005E-4		0.9949825	-0.100047626	6.1492005E-4		0.95213133	-0.30510738	-0.018853148		0.88038665	-0.47327778	-0.03045438		0.800223	-0.59882486	-0.032434		0.71636647	-0.6972	-0.027041247		0.64385545	-0.7647746	-0.023872841		0.5829638	-0.8122092	-0.021665702		0.5278392	-0.8492973	-0.008941628		0.46895313	-0.8831984	0.0066031134		0.43043166	-0.902186	0.028090125		0.39030117	-0.919668	0.043309778		0.36081153	-0.9305471	0.06242642		0.33066088	-0.94025433	0.08114918		0.31131095	-0.94328296	0.11533775		0.28907314	-0.94325876	0.16340032		0.25523847	-0.94527084	0.20326437		
0.3144034	0.91823435	-0.24082392		0.35436594	0.91480637	-0.19378887		0.38011727	0.9146368	-0.13766041		0.4013657	0.91067785	-0.09783349		0.43493512	0.89744335	-0.07366753		0.4648503	0.8839565	-0.050349824		0.5064039	0.8616953	-0.032192193		0.5455656	0.8380285	-0.0081514055		0.60543007	0.79584926	0.00885306		0.6589765	0.7518183	0.022787232		0.71622604	0.697426	0.024842978		0.7816009	0.6231331	0.028375367		0.8523144	0.52193534	0.033817016		0.9149194	0.40225324	0.033390544		0.96720093	0.25265867	0.026190175		0.99685466	0.07875566	0.008851591		0.99685466	-0.07875566	-0.008851591		0.96720093	-0.25265867	-0.026190175		0.9149194	-0.40225324	-0.033390544		0.8523144	-0.52193534	-0.033817016		0.7816009	-0.6231331	-0.028375367		0.71622604	-0.697426	-0.024842978		0.6589765	-0.7518183	-0.022787232		0.60543007	-0.79584926	-0.00885306		0.5455656	-0.8380285	0.0081514055		0.5064039	-0.8616953	0.032192193		0.4648503	-0.8839565	0.050349824		0.43493512	-0.89744335	0.07366753		0.4013657	-0.91067785	0.09783349		0.38011727	-0.9146368	0.13766041		0.35436594	-0.91480637	0.19378887		0.3144034	-0.91823435	0.24082392		
0.36793602	0.8894133	-0.27123255		0.41081664	0.8861818	-0.21426979		0.43735802	0.88707066	-0.147728		0.45958605	0.88232994	-0.10136324		0.4959836	0.8651295	-0.074507065		0.5275484	0.8480429	-0.0501595		0.5707434	0.82059646	-0.029553436		0.6089273	0.7932067	-0.005543626		0.66592085	0.7459441	0.010810106		0.71623915	0.6974448	0.023921283		0.76904804	0.63866085	0.026026782		0.8270412	0.5613607	0.029613802		0.88581645	0.46282208	0.033540685		0.9358782	0.35079512	0.032783717		0.9755998	0.21782443	0.02752338		0.99768656	0.06701809	0.01140589		0.99768656	-0.06701809	-0.01140589		0.9755998	-0.21782443	-0.02752338		0.9358782	-0.35079512	-0.032783717		0.88581645	-0.46282208	-0.033540685		0.8270412	-0.5613607	-0.029613802		0.76904804	-0.63866085	-0.026026782		0.71623915	-0.6974448	-0.023921283		0.66592085	-0.7459441	-0.010810106		0.6089273	-0.7932067	0.005543626		0.5707434	-0.82059646	0.029553436		0.5275484	-0.8480429	0.0501595		0.4959836	-0.8651295	0.074507065		0.45958605	-0.88232994	0.10136324		0.43735802	-0.88707066	0.147728		0.41081664	-0.8861818	0.21426979		0.36793602	-0.8894133	0.27123255		
0.4242359	0.8538143	-0.3017035		0.46878442	0.8517811	-0.23390202		0.4977354	0.8529536	-0.15725634		0.51823926	0.84907925	-0.10243302		0.5517664	0.8310307	-0.07029824		0.5800607	0.81358904	-0.04003001		0.623999	0.78129536	-0.014239948		0.6605732	0.7506527	0.012790766		0.71335894	0.7002236	0.028389154		0.76057523	0.64797235	0.04070769		0.80965954	0.58532023	0.04303125		0.8611021	0.5064726	0.0445949		0.9093945	0.4135344	0.044619218		0.9503291	0.30873078	0.039494265		0.98137087	0.18930382	0.032792334		0.998319	0.05644087	0.013179749		0.998319	-0.05644087	-0.013179749		0.98137087	-0.18930382	-0.032792334		0.9503291	-0.30873078	-0.039494265		0.9093945	-0.4135344	-0.044619218		0.8611021	-0.5064726	-0.0445949		0.80965954	-0.58532023	-0.04303125		0.76057523	-0.64797235	-0.04070769		0.71335894	-0.7002236	-0.028389154		0.6605732	-0.7506527	-0.012790766		0.623999	-0.78129536	0.014239948		0.5800607	-0.81358904	0.04003001		0.5517664	-0.8310307	0.07029824		0.51823926	-0.84907925	0.10243302		0.4977354	-0.8529536	0.15725634		0.46878442	-0.8517811	0.23390202		0.4242359	-0.8538143	0.3017035		
0.46105725	0.82469434	-0.32757512		0.5090751	0.8244937	-0.2470883		0.5430864	0.82446444	-0.15910871		0.5648438	0.8196051	-0.095911115		0.5987208	0.7988253	-0.058408048		0.6310129	0.775436	-0.022841854		0.68126816	0.73199266	0.007776945		0.71835965	0.69460845	0.03845166		0.7652248	0.64153296	0.053539548		0.80826545	0.5852793	0.06446023		0.8517278	0.52003527	0.064211436		0.8948039	0.44208676	0.06233239		0.9310231	0.36036494	0.057732623		0.9630769	0.26487002	0.048236754		0.98630095	0.16044006	0.038332663		0.9988877	0.04477387	0.014787878		0.9988877	-0.04477387	-0.014787878		0.98630095	-0.16044006	-0.038332663		0.9630769	-0.26487002	-0.048236754		0.9310231	-0.36036494	-0.057732623		0.8948039	-0.44208676	-0.06233239		0.8517278	-0.52003527	-0.064211436		0.80826545	-0.5852793	-0.06446023		0.7652248	-0.64153296	-0.053539548		0.71835965	-0.69460845	-0.03845166		0.68126816	-0.73199266	-0.007776945		0.6310129	-0.775436	0.022841854		0.5987208	-0.7988253	0.058408048		0.5648438	-0.8196051	0.095911115		0.5430864	-0.82446444	0.15910871		0.5090751	-0.8244937	0.2470883		0.46105725	-0.82469434	0.32757512		
0.5126817	0.78773636	-0.34150973		0.5611226	0.78945327	-0.248807		0.594591	0.79034483	-0.14770423		0.6116846	0.7873841	-0.07660441		0.6399201	0.76772064	-0.033275966		0.6689715	0.7432679	0.0054787043		0.7165642	0.6963582	0.040261757		0.7508005	0.656856	0.06956106		0.79287606	0.60388637	0.08166235		0.8334394	0.54528797	0.0896648		0.87299633	0.47960547	0.088633865		0.9115506	0.4027698	0.08277702		0.9417103	0.32826704	0.0736374		0.96946263	0.23810582	0.05871835		0.9886016	0.14334017	0.046047863		0.99914604	0.037732422	0.016836502		0.99914604	-0.037732422	-0.016836502		0.9886016	-0.14334017	-0.046047863		0.96946263	-0.23810582	-0.05871835		0.9417103	-0.32826704	-0.0736374		0.9115506	-0.4027698	-0.08277702		0.87299633	-0.47960547	-0.088633865		0.8334394	-0.54528797	-0.0896648		0.79287606	-0.60388637	-0.08166235		0.7508005	-0.656856	-0.06956106		0.7165642	-0.6963582	-0.040261757		0.6689715	-0.7432679	-0.0054787043		0.6399201	-0.76772064	0.033275966		0.6116846	-0.7873841	0.07660441		0.594591	-0.79034483	0.14770423		0.5611226	-0.78945327	0.248807		0.5126817	-0.78773636	0.34150973		
0.5665014	0.7509536	-0.33933005		0.6155554	0.75242203	-0.23441978		0.6458293	0.7536486	-0.12214068		0.661803	0.7482002	-0.04704571		0.687068	0.7265816	-0.004106532		0.7156542	0.69772536	0.031913076		0.7564132	0.65071946	0.06635675		0.7875099	0.6096173	0.09052568		0.8228942	0.5598593	0.09696729		0.8597162	0.50064504	0.10120588		0.89330477	0.43838012	0.099143445		0.9269813	0.3639978	0.09061609		0.95188564	0.2963942	0.07787337		0.9753281	0.2122128	0.060834616		0.9906698	0.12784268	0.0472194		0.9993214	0.032662075	0.017027931		0.9993214	-0.032662075	-0.017027931		0.9906698	-0.12784268	-0.0472194		0.9753281	-0.2122128	-0.060834616		0.95188564	-0.2963942	-0.07787337		0.9269813	-0.3639978	-0.09061609		0.89330477	-0.43838012	-0.099143445		0.8597162	-0.50064504	-0.10120588		0.8228942	-0.5598593	-0.09696729		0.7875099	-0.6096173	-0.09052568		0.7564132	-0.65071946	-0.06635675		0.7156542	-0.69772536	-0.031913076		0.687068	-0.7265816	0.004106532		0.661803	-0.7482002	0.04704571		0.6458293	-0.7536486	0.12214068		0.6155554	-0.75242203	0.23441978		0.5665014	-0.7509536	0.33933005		
0.6105043	0.71563715	-0.33933458		0.65758127	0.7194295	-0.2236248		0.6823176	0.7244407	-0.09812427		0.69297016	0.7207533	-0.017521651		0.7117552	0.701711	0.03172089		0.7374766	0.67213833	0.06601761		0.77466273	0.6243512	0.10041506		0.8058906	0.5799507	0.11915343		0.8384408	0.5310663	0.122415915		0.873759	0.47074926	0.12223114		0.90450245	0.40954888	0.11893301		0.93570167	0.3364659	0.10608056		0.95757544	0.2743146	0.08832207		0.9786046	0.19464983	0.06666676		0.9918257	0.11729791	0.05022877		0.9993947	0.0296453	0.018201921		0.9993947	-0.0296453	-0.018201921		0.9918257	-0.11729791	-0.05022877		0.9786046	-0.19464983	-0.06666676		0.95757544	-0.2743146	-0.08832207		0.93570167	-0.3364659	-0.10608056		0.90450245	-0.40954888	-0.11893301		0.873759	-0.47074926	-0.12223114		0.8384408	-0.5310663	-0.122415915		0.8058906	-0.5799507	-0.11915343		0.77466273	-0.6243512	-0.10041506		0.7374766	-0.67213833	-0.06601761		0.7117552	-0.701711	-0.03172089		0.69297016	-0.7207533	0.017521651		0.6823176	-0.7244407	0.09812427		0.65758127	-0.7194295	0.2236248		0.6105043	-0.71563715	0.33933458		
0.62898815	0.70561624	-0.32631212		0.67912257	0.70787555	-0.1941771		0.7000035	0.7120574	-0.05449199		0.71172947	0.7018537	0.029027408		0.730462	0.67849195	0.07793536		0.75985414	0.6407417	0.10987153		0.7963994	0.58838946	0.13980642		0.8275427	0.53985244	0.15405327		0.8565801	0.49284688	0.15288061		0.8891266	0.4329425	0.14837344		0.91712135	0.3727834	0.14114176		0.9445381	0.30430517	0.12347529		0.96304876	0.24986812	0.1005135		0.9812668	0.17766912	0.07449283		0.99283445	0.10661611	0.05396962		0.9994201	0.027725639	0.01976641		0.9994201	-0.027725639	-0.01976641		0.99283445	-0.10661611	-0.05396962		0.9812668	-0.17766912	-0.07449283		0.96304876	-0.24986812	-0.1005135		0.9445381	-0.30430517	-0.12347529		0.91712135	-0.3727834	-0.14114176		0.8891266	-0.4329425	-0.14837344		0.8565801	-0.49284688	-0.15288061		0.8275427	-0.53985244	-0.15405327		0.7963994	-0.58838946	-0.13980642		0.75985414	-0.6407417	-0.10987153		0.730462	-0.67849195	-0.07793536		0.71172947	-0.7018537	-0.029027408		0.7000035	-0.7120574	0.05449199		0.67912257	-0.70787555	0.1941771		0.62898815	-0.70561624	0.32631212		
0.64720714	0.7023712	-0.29630664		0.7003316	0.7005498	-0.13698784		0.710141	0.7035964	0.025532367		0.7166284	0.6890559	0.10791546		0.7306894	0.6650819	0.1541396		0.7613472	0.6234843	0.17781378		0.79646283	0.5700245	0.20178966		0.8292494	0.5188232	0.20776904		0.8584788	0.47206724	0.20041639		0.8913595	0.4114367	0.19025801		0.91899747	0.3519592	0.17767504		0.94592065	0.28535193	0.15429963		0.9644663	0.2337792	0.123093754		0.98209506	0.16524442	0.090463296		0.993098	0.09967216	0.061820198		0.9993714	0.026739892	0.023276044		0.9993714	-0.026739892	-0.023276044		0.993098	-0.09967216	-0.061820198		0.98209506	-0.16524442	-0.090463296		0.9644663	-0.2337792	-0.123093754		0.94592065	-0.28535193	-0.15429963		0.91899747	-0.3519592	-0.17767504		0.8913595	-0.4114367	-0.19025801		0.8584788	-0.47206724	-0.20041639		0.8292494	-0.5188232	-0.20776904		0.79646283	-0.5700245	-0.20178966		0.7613472	-0.6234843	-0.17781378		0.7306894	-0.6650819	-0.1541396		0.7166284	-0.6890559	-0.10791546		0.710141	-0.7035964	-0.025532367		0.7003316	-0.7005498	0.13698784		0.64720714	-0.7023712	0.29630664		
0.6568502	0.7373117	-0.1578581		0.70733243	0.70643353	0.025149366		0.70089936	0.6889031	0.18480426		0.70729345	0.664073	0.2423697		0.72235495	0.63696265	0.26922476		0.7564079	0.59164554	0.27893123		0.7880588	0.5416468	0.29254416		0.8225564	0.4901306	0.28839728		0.85338145	0.44469234	0.27200878		0.8876776	0.38472247	0.25301602		0.9160302	0.32749197	0.23159796		0.94370544	0.26398742	0.19932549		0.96413094	0.21306619	0.15828548		0.98186475	0.14989181	0.11607777		0.9929303	0.09103665	0.07616908		0.99927187	0.025873955	0.02804074		0.99927187	-0.025873955	-0.02804074		0.9929303	-0.09103665	-0.07616908		0.98186475	-0.14989181	-0.11607777		0.96413094	-0.21306619	-0.15828548		0.94370544	-0.26398742	-0.19932549		0.9160302	-0.32749197	-0.23159796		0.8876776	-0.38472247	-0.25301602		0.85338145	-0.44469234	-0.27200878		0.8225564	-0.4901306	-0.28839728		0.7880588	-0.5416468	-0.29254416		0.7564079	-0.59164554	-0.27893123		0.72235495	-0.63696265	-0.26922476		0.70729345	-0.664073	-0.2423697		0.70089936	-0.6889031	-0.18480426		0.70733243	-0.70643353	-0.025149366		0.6568502	-0.7373117	0.1578581		
0.7016311	0.7120822	0.025548205		0.7268964	0.65499836	0.20639475		0.6930753	0.6347393	0.3416909		0.69550455	0.6158682	0.37010777		0.7119643	0.59083813	0.37949586		0.7514454	0.54345745	0.37414408		0.7836828	0.49471986	0.37562418		0.82143855	0.44267932	0.35954648		0.8540703	0.39843532	0.33438486		0.8887369	0.34123608	0.30611214		0.9170278	0.28868207	0.27517766		0.9441229	0.23103666	0.23506163		0.9649811	0.18493703	0.18603697		0.98216194	0.1294072	0.13642488		0.9930858	0.07893943	0.08688605		0.9992411	0.022697227	0.031655796		0.9992411	-0.022697227	-0.031655796		0.9930858	-0.07893943	-0.08688605		0.98216194	-0.1294072	-0.13642488		0.9649811	-0.18493703	-0.18603697		0.9441229	-0.23103666	-0.23506163		0.9170278	-0.28868207	-0.27517766		0.8887369	-0.34123608	-0.30611214		0.8540703	-0.39843532	-0.33438486		0.82143855	-0.44267932	-0.35954648		0.7836828	-0.49471986	-0.37562418		0.7514454	-0.54345745	-0.37414408		0.7119643	-0.59083813	-0.37949586		0.69550455	-0.6158682	-0.37010777		0.6930753	-0.6347393	-0.3416909		0.7268964	-0.65499836	-0.20639475		0.7016311	-0.7120822	-0.025548205		

